"beta" "lower" "upper" "HR" "lower" "upper" "eff" "upper" "lower"
"Immunity_other" 0.0814751683412919 -0.0411299327402304 0.204080269422814 1.08488627772373 0.959704424820607 1.22639659165192 -0.0848862777237349 0.0402955751793933 -0.226396591651922
"Immunityb45_062-122" -1.24873387746525 -3.21039582759706 0.712928072666562 0.286867776779846 0.0403406421718837 2.03995566069515 0.713132223220154 0.959659357828116 -1.03995566069515
"Immunityb45_123-183" 0.55398825666273 -0.580780258856788 1.68875677218225 1.74017947883502 0.559461671295819 5.41274724244216 -0.740179478835021 0.440538328704181 -4.41274724244216
"Immunityboost_001-061" 1.31938936009885 -0.642266376730189 3.28104509692789 3.74113619258458 0.526098733949863 26.6035614767324 -2.74113619258458 0.473901266050137 -25.6035614767324
"Immunityboost_062-122" -0.52767746098983 -2.48948608228323 1.43413116030357 0.589973616434526 0.0829525864265026 4.1959977751535 0.410026383565474 0.917047413573497 -3.1959977751535
"Immunityboost_123-183" 0.372759007078887 -0.252382971210783 0.997900985368557 1.45173443994941 0.776947132701315 2.71258209912904 -0.451734439949408 0.223052867298685 -1.71258209912904
"Immunityboost_184-244" -0.0459182147209658 -0.704506986617836 0.612670557175904 0.955120073758226 0.494352236454919 1.8453529447704 0.0448799262417736 0.505647763545081 -0.845352944770404
"Immunityboost_245-305" 0.0407596306405598 -0.442035823084753 0.523555084365873 1.04160170631759 0.642726610593278 1.68801804176469 -0.0416017063175949 0.357273389406722 -0.688018041764694
"Immunityboost_306-366" 0.302669343329916 0.109919414008243 0.495419272651589 1.35346685760007 1.116188117708 1.64118619931504 -0.35346685760007 -0.116188117708001 -0.641186199315044
"Immunityboost_367-427" 0.198999486896887 0.088368205772805 0.30963076802097 1.22018133982087 1.09239027239106 1.362921786907 -0.220181339820869 -0.0923902723910619 -0.362921786906999
"Immunityboost_428-488" 0.236370852802991 0.119082148992191 0.35365955661379 1.26664396153926 1.12646245224271 1.42427022055609 -0.266643961539262 -0.126462452242709 -0.424270220556088
"Immunityboost_489-549" 0.279201270153983 -0.0251771553938869 0.583579695701853 1.32207341101196 0.975137145920381 1.79244336185663 -0.322073411011965 0.0248628540796186 -0.792443361856634
"Immunityfull_062-122" 1.77009021900891 0.635606340535652 2.90457409748217 5.87138304784787 1.88816666642565 18.2574660953071 -4.87138304784787 -0.888166666425652 -17.2574660953071
"Immunityfull_123-183" 0.344015093206366 -1.61765529327342 2.30568547968615 1.41059992582279 0.198363257908807 10.031051978618 -0.410599925822789 0.801636742091193 -9.03105197861803
"Immunityfull_184-244" 0.373336015834105 -1.58842642945014 2.33509846111835 1.45257234514758 0.204246755676259 10.3304770296177 -0.452572345147579 0.795753244323741 -9.33047702961772
"Immunityfull_245-305" 0.600192689748641 -0.534478664437684 1.73486404393497 1.82246993783336 0.585974699977088 5.66815713107782 -0.822469937833357 0.414025300022912 -4.66815713107782
"Immunityfull_306-366" 0.0205466069573605 -0.551725634443838 0.592818848358559 1.02075914161235 0.575955064446099 1.80908075908184 -0.0207591416123485 0.424044935553901 -0.809080759081837
"Immunityfull_367-427" -0.0575959920170073 -0.321904534978241 0.206712550944226 0.944031266571514 0.724767376960811 1.22962906526187 0.0559687334284859 0.275232623039189 -0.229629065261868
"Immunityfull_428-488" 0.0858905737855396 -0.142674588301624 0.314455735872704 1.08968708144861 0.867036166705597 1.3695137308836 -0.0896870814486124 0.132963833294403 -0.369513730883598
"Immunityfull_489-549" 0.185837001975317 -0.0128043417297215 0.384478345680356 1.20422595792719 0.987277285089853 1.46884789070549 -0.204225957927194 0.012722714910147 -0.468847890705485
"Immunityhybridboost_001-061" -0.764892267065911 -1.39029981443374 -0.139484719698079 0.465384065464548 0.249000639453659 0.869806314005945 0.534615934535452 0.750999360546341 0.130193685994055
"Immunityhybridboost_062-122" -0.00605659381576583 -0.254792072169469 0.242678884537937 0.99396171037623 0.775077641419869 1.27465924560047 0.00603828962377018 0.224922358580131 -0.274659245600467
"Immunityhybridboost_123-183" 0.345988756826712 0.162908950299557 0.529068563353868 1.41338672477648 1.17692952572916 1.69735059755318 -0.413386724776476 -0.176929525729158 -0.697350597553184
"Immunityhybridboost_184-244" 0.323198581823535 0.0795628591438555 0.566834304503215 1.38153967233452 1.08281362212748 1.76267810750673 -0.381539672334522 -0.0828136221274802 -0.762678107506735
"Immunityhybridboost_245-305" 0.391458565666173 0.0876742353287114 0.695242896003634 1.47913663919698 1.0916324488126 2.00419582598035 -0.479136639196977 -0.0916324488126035 -1.00419582598035
"Immunityhybridboost_306-366" 0.573851749866502 0.405936145509687 0.741767354223318 1.77509110765506 1.50070672253559 2.09964305027717 -0.775091107655062 -0.500706722535591 -1.09964305027717
"Immunityhybridboost_367-427" 0.631648609906356 0.50071146163016 0.762585758182551 1.88070857966099 1.64989468999497 2.1438124403087 -0.880708579660994 -0.649894689994966 -1.1438124403087
"Immunityhybridboost_428-488" 0.517741221090824 0.315740728017852 0.719741714163797 1.6782326088118 1.37127467642875 2.05390264816549 -0.678232608811805 -0.371274676428746 -1.05390264816549
"Immunityhybridboost_489-549" 0.70133492776211 -0.0450572075321303 1.44772706305635 2.0164427169504 0.955942793140759 4.25343572849509 -1.0164427169504 0.0440572068592411 -3.25343572849509
"Immunityhybridfull_062-122" -0.097608236808454 -0.902065057293063 0.706848583676155 0.907004165006665 0.405730936403544 2.02759139500571 0.0929958349933354 0.594269063596456 -1.02759139500571
"Immunityhybridfull_123-183" -0.1091264631679 -0.639341260073319 0.421088333737519 0.896617021299259 0.527639887047114 1.52361885941305 0.103382978700741 0.472360112952886 -0.523618859413051
"Immunityhybridfull_184-244" 0.257159928254984 -0.239736184169971 0.75405604067994 1.29325193774711 0.786835413325227 2.12560409224407 -0.293251937747112 0.213164586674773 -1.12560409224407
"Immunityhybridfull_245-305" 0.346296472925204 -0.18468805522894 0.877281001079348 1.41382171354817 0.831363582929072 2.40435337648273 -0.413821713548175 0.168636417070928 -1.40435337648273
"Immunityhybridfull_306-366" 0.542344354634114 0.338078830529862 0.746609878738367 1.72003451009726 1.40225103924089 2.1098352813681 -0.720034510097255 -0.402251039240887 -1.1098352813681
"Immunityhybridfull_367-427" 0.39710939306914 0.239462052097146 0.554756734041135 1.4875186453812 1.27056546841609 1.74151728136853 -0.487518645381201 -0.270565468416095 -0.741517281368525
"Immunityhybridfull_428-488" 0.49257978593206 0.302326583712487 0.682832988151633 1.63653268282361 1.35300302331413 1.97947763293949 -0.636532682823605 -0.353003023314128 -0.979477632939492
"Immunityhybridfull_489-549" 0.367234703961785 0.0945120363305115 0.639957371593059 1.44373673008381 1.09912239245376 1.89640003706937 -0.44373673008381 -0.0991223924537619 -0.896400037069373
"Immunityinf_062-122" -1.79993000688387 -3.7616124170416 0.161752403273864 0.165310458410779 0.0232462275264299 1.17556913821443 0.834689541589221 0.97675377247357 -0.17556913821443
"Immunityinf_123-183" 0.0241535604551179 -0.488318594615782 0.536625715526018 1.02444762045543 0.613657333973085 1.71022632494574 -0.0244476204554271 0.386342666026915 -0.710226324945736
"Immunityinf_184-244" -0.179017085068344 -0.804150304079927 0.446116133943239 0.83609161459263 0.447467976787166 1.56223288426427 0.16390838540737 0.552532023212834 -0.562232884264269
"Immunityinf_245-305" -0.0619021323079155 -0.760265226202962 0.636460961587131 0.939974875461335 0.46754240606675 1.88978102314084 0.060025124538665 0.53245759393325 -0.889781023140839
"Immunityinf_306-366" 0.0150845283771972 -0.24938505446765 0.279554111222045 1.01519887410236 0.77927985041861 1.32253997511301 -0.0151988741023599 0.22072014958139 -0.32253997511301
"Immunityinf_367-427" -0.0303098862436049 -0.225526515335347 0.164906742848137 0.970144852418373 0.798095898386948 1.17928313699658 0.0298551475816272 0.201904101613052 -0.179283136996583
"Immunityinf_428-488" -0.0288953113730846 -0.260105728465504 0.202315105719335 0.971518166045839 0.770970068012026 1.22423371038361 0.0284818339541607 0.229029931987974 -0.224233710383615
"Immunityinf_489-549" -0.556129190913646 -1.25439046623824 0.14213208441095 0.573424389869365 0.285249664546685 1.15272889599924 0.426575610130635 0.714750335453315 -0.152728895999239
"Immunitysecbnew_001-061" -0.108141109095439 -0.592281654948564 0.375999436757687 0.897500941948521 0.553063942945265 1.45644631343866 0.102499058051479 0.446936057054735 -0.456446313438664
"Immunitysecbnew_062-122" -0.0774254864295241 -0.292609710973369 0.137758738114321 0.925495983837615 0.746313361778859 1.1476986209358 0.0745040161623852 0.253686638221141 -0.147698620935796
"Immunitysecbnew_123-183" 0.301131802894869 0.0602577354007365 0.542005870389 1.35138744657793 1.06211025468382 1.71945240403696 -0.351387446577926 -0.0621102546838235 -0.719452404036958
"Immunitysecboost_001-061" 0.053499296229355 -0.930814977584542 1.03781357004325 1.05495624932009 0.394232288935174 2.82303788709331 -0.0549562493200899 0.605767711064826 -1.82303788709331
"Immunitysecboost_062-122" 0.257787098923717 -0.028391035877919 0.543965233725353 1.29406328182876 0.972008202396362 1.72282473877165 -0.294063281828759 0.0279917976036383 -0.722824738771655
"Immunitysecboost_123-183" 0.323162302205503 0.145386959760105 0.500937644650901 1.3814895515121 1.15648699762541 1.65026791036632 -0.381489551512101 -0.156486997625413 -0.650267910366317
"Immunitysecboost_184-244" 0.586298711904935 0.373215484537537 0.799381939272333 1.79732367622085 1.45239727527037 2.22416583403646 -0.797323676220845 -0.452397275270371 -1.22416583403646
"AgeGr0-11" -1.44800933517242 -1.67283466561285 -1.22318400473199 0.235037703995744 0.1877142037545 0.29429164759338 0.764962296004256 0.8122857962455 0.705708352406621
"AgeGr12-15" -1.70299363222034 -2.07184233639416 -1.33414492804653 0.18213745454246 0.125953519065631 0.263383290862407 0.81786254545754 0.874046480934369 0.736616709137593
"AgeGr16-17" -1.54978104059836 -2.03725498416573 -1.06230709703098 0.212294452604389 0.130386132087703 0.34565742448961 0.787705547395611 0.869613867912297 0.65434257551039
"AgeGr18-24" -0.191312443174127 -0.359872210140262 -0.0227526762079926 0.825874508982739 0.697765487727739 0.977504213928127 0.174125491017261 0.302234512272261 0.0224957860718725
"AgeGr25-29" 0.100362799738029 -0.0622066648664544 0.262932264342512 1.10557194653731 0.939688666089796 1.30073860958274 -0.105571946537314 0.0603113339102036 -0.300738609582744
"AgeGr30-34" 0.048526850236264 -0.107934172437034 0.204987872909562 1.04972355676745 0.897686687012432 1.22751017874596 -0.0497235567674483 0.102313312987568 -0.227510178745963
"AgeGr35-39" 0.0295574976147618 -0.125155258991303 0.184270254220827 1.02999865623529 0.882359897641572 1.20234071684597 -0.0299986562352905 0.117640102358428 -0.20234071684597
"AgeGr45-49" 0.204229873313071 0.0649975308762868 0.343462215749856 1.22658007907791 1.06715638943979 1.40982025247542 -0.226580079077906 -0.0671563894397929 -0.409820252475415
"AgeGr50-54" 0.462188690108471 0.323006911749194 0.601370468467749 1.58754482897192 1.3812748978983 1.82461766866992 -0.587544828971916 -0.381274897898299 -0.824617668669916
"AgeGr55-59" 0.496703414790905 0.357056847177081 0.636349982404728 1.64329506942674 1.42911710881811 1.88957130842517 -0.643295069426738 -0.429117108818107 -0.889571308425171
"AgeGr60-64" 0.399412561521429 0.251934663316076 0.546890459726783 1.49094859976259 1.28651197811232 1.72787176874614 -0.49094859976259 -0.286511978112318 -0.727871768746142
"AgeGr65-69" 0.337354195860127 0.189542087878605 0.485166303841648 1.40123528759106 1.20869599436919 1.62444513784883 -0.401235287591058 -0.208695994369194 -0.624445137848832
"AgeGr70-74" 0.578148698818962 0.434619704477145 0.721677693160779 1.78273499446509 1.54437562812278 2.0578828120679 -0.782734994465088 -0.54437562812278 -1.0578828120679
"AgeGr75-79" 0.858534916368252 0.712765444080645 1.00430438865586 2.35970100064294 2.03962393256569 2.73000758793359 -1.35970100064294 -1.03962393256569 -1.73000758793359
"AgeGr80+" 1.27145545105644 1.13591460867536 1.40699629343752 3.5660389823539 3.11402035087719 4.08367081483122 -2.5660389823539 -2.11402035087719 -3.08367081483122
"SexM" -0.115845963743517 -0.170565081933824 -0.0611268455532095 0.890612399332131 0.843188211523463 0.940703908100194 0.109387600667869 0.156811788476537 0.0592960918998058
