"beta" "beta_CI_lower" "beta_CI_upper" "HR" "HR_CI_lower" "HR_CI_upper" "eff" "eff_CI_upper" "eff_CI_lower"
"Immunity_other" -0.244395384275133 -0.414698155928007 -0.0740926126222602 0.783177916805255 0.660539630588989 0.928585691103033 0.216822083194745 0.339460369411011 0.0714143088969672
"Immunityboost_001-061" -0.922383530111367 -0.981454410036257 -0.863312650186477 0.397570290087592 0.374765639379528 0.421762613621741 0.602429709912408 0.625234360620472 0.578237386378259
"Immunityboost_062-122" -0.369942150173143 -0.426405593384034 -0.313478706962253 0.690774290654615 0.652851496166821 0.730899941917965 0.309225709345385 0.347148503833179 0.269100058082035
"Immunityboost_123-183" 0.329040458010128 0.233469123463516 0.424611792556739 1.38963407627985 1.2629738310313 1.52899673652089 -0.389634076279846 -0.2629738310313 -0.528996736520887
"Immunityboost_184-244" -0.356021873995423 -1.74455011297421 1.03250636498337 0.700457298267941 0.174723577158045 2.80809513333749 0.299542701732059 0.825276422841955 -1.80809513333749
"Immunityfull_001-061" -0.456914637720228 -0.581154387589943 -0.332674887850513 0.633234392087063 0.559252399759177 0.71700326273887 0.366765607912937 0.440747600240823 0.28299673726113
"Immunityfull_062-122" -0.318086652415152 -0.428776440682902 -0.207396864147402 0.727539742607283 0.65130551832342 0.812697055654654 0.272460257392717 0.34869448167658 0.187302944345346
"Immunityfull_123-183" -0.0840366403305872 -0.160408742372236 -0.00766453828893802 0.919397568447116 0.851795552866696 0.992364759385819 0.0806024315528838 0.148204447133304 0.00763524061418053
"Immunityfull_184-244" -0.0158436561312443 -0.077727873002204 0.0460405607397155 0.984281194356189 0.925216168587352 1.0471168819309 0.0157188056438109 0.0747838314126476 -0.047116881930904
"Immunityfull_245-305" 0.255044147717958 0.158125334966928 0.351962960468987 1.29051859306615 1.17131299198317 1.42185585786908 -0.29051859306615 -0.171312991983174 -0.421855857869081
"Immunityfull_306-366" 0.390072209651067 0.192058647410438 0.588085771891696 1.47708745000116 1.21174158038685 1.80053847310776 -0.477087450001156 -0.211741580386847 -0.80053847310776
"Immunityfull_367-427" 0.826595422871109 0.42401739363368 1.22917345210854 2.28552423575665 1.52808817255881 3.41840289456855 -1.28552423575665 -0.52808817255881 -2.41840289456855
"Immunityfull_428-488" 1.58917038521928 -0.372960463285877 3.55130123372444 4.89968239279698 0.688692460942644 34.8586472362793 -3.89968239279698 0.311307539057356 -33.8586472362793
"Immunityhybridboost_001-061" -1.34813777981661 -1.47693608974484 -1.21933946988839 0.259723472875754 0.228336219403433 0.295425239757772 0.740276527124246 0.771663780596567 0.704574760242228
"Immunityhybridboost_062-122" -0.855348322439098 -0.984353384536765 -0.726343260341431 0.425135081200344 0.373680776601835 0.483674431719043 0.574864918799656 0.626319223398165 0.516325568280957
"Immunityhybridboost_123-183" -0.607964590766354 -0.969243994232505 -0.246685187300203 0.544457936736189 0.379369735425324 0.78138664525436 0.455542063263811 0.620630264574676 0.21861335474564
"Immunityhybridfull_001-061" -1.31606924768926 -1.62798875213187 -1.00414974324664 0.26818741110689 0.196324033610103 0.366355999077818 0.73181258889311 0.803675966389897 0.633644000922182
"Immunityhybridfull_062-122" -1.55838342222367 -1.72372372116169 -1.39304312328564 0.21047604722828 0.178400595442131 0.248318489896584 0.789523952771719 0.821599404557869 0.751681510103416
"Immunityhybridfull_123-183" -0.618148962527336 -0.751448404889042 -0.484849520165631 0.538941115065967 0.471682869960869 0.615789853747805 0.461058884934033 0.528317130039131 0.384210146252195
"Immunityhybridfull_184-244" -0.312234089592625 -0.437133835994972 -0.187334343190278 0.731810199024535 0.645884982966464 0.829166463875095 0.268189800975465 0.354115017033536 0.170833536124905
"Immunityhybridfull_245-305" -0.0247961895555235 -0.240813930870484 0.191221551759438 0.975508710632933 0.785987860860143 1.21072766121264 0.0244912893670667 0.214012139139857 -0.210727661212641
"Immunityhybridfull_306-366" 0.319935336792194 -0.0903509668954766 0.730221640479865 1.37703871771621 0.913610481961869 2.07554058050818 -0.377038717716208 0.0863895180381313 -1.07554058050818
"Immunityhybridfull_367-427" -0.232094386380087 -1.6186721005019 1.15448332774172 0.792871283524485 0.198161663223137 3.17238391126082 0.207128716475515 0.801838336776863 -2.17238391126082
"Immunityinf_062-122" -0.875157364897662 -1.01131328634444 -0.739001443450883 0.416796425390697 0.36374096970988 0.477590578694012 0.583203574609303 0.63625903029012 0.522409421305988
"Immunityinf_123-183" -0.621069448482011 -0.873550496737117 -0.368588400226905 0.537369441251769 0.41746670067387 0.6917100595691 0.462630558748231 0.58253329932613 0.3082899404309
"Immunityinf_184-244" -0.220556545164684 -0.91449430023921 0.473381209909843 0.802072284269948 0.400719218473968 1.60541326578726 0.197927715730052 0.599280781526032 -0.605413265787265
"Immunityinf_245-305" -0.248851247737703 -0.577593067107126 0.0798905716317207 0.779695946294786 0.561247627499424 1.08316853182448 0.220304053705214 0.438752372500576 -0.0831685318244755
"Immunityinf_306-366" -0.11707379506031 -0.262001052751705 0.0278534626310843 0.889519548592583 0.76951021360396 1.02824499706456 0.110480451407417 0.23048978639604 -0.0282449970645597
"Immunityinf_367-427" 0.0786181927629262 -0.060583595361525 0.217819980887377 1.08179120749824 0.941215084514359 1.24336321832786 -0.081791207498241 0.0587849154856411 -0.24336321832786
"Immunityinf_428-488" 0.223603731538543 0.0731792555039925 0.374028207573093 1.25057535765437 1.07592338481827 1.45357815179054 -0.25057535765437 -0.0759233848182659 -0.453578151790539
"Immunityinf_489-549" 0.141731960735418 -0.104246987974357 0.387710909445193 1.15226775413952 0.901002733097042 1.47360371778887 -0.15226775413952 0.0989972669029576 -0.473603717788868
"AgeGr0-11" -3.40188629150812 -3.6115597888709 -3.19221279414533 0.0333103775799314 0.0270096845873459 0.041080866787961 0.966689622420069 0.972990315412654 0.958919133212039
"AgeGr12-15" -2.12554174643136 -2.34688953766396 -1.90419395519877 0.119368283405353 0.0956662662285226 0.148942648698171 0.880631716594647 0.904333733771477 0.851057351301829
"AgeGr16-17" -2.02795512314675 -2.35097611582944 -1.70493413046406 0.131604360894105 0.0952761162858607 0.181784359832436 0.868395639105895 0.904723883714139 0.818215640167564
"AgeGr18-24" -0.893980475301523 -1.00585981921418 -0.782101131388866 0.409024396611458 0.365730037861392 0.457443851212387 0.590975603388542 0.634269962138608 0.542556148787613
"AgeGr25-29" -0.546057080280309 -0.646150910896202 -0.445963249664416 0.579229167873889 0.524059049619708 0.640207299462423 0.420770832126111 0.475940950380292 0.359792700537577
"AgeGr30-34" -0.281449676066799 -0.369422919979785 -0.193476432153812 0.754688893633145 0.691133054655609 0.824089257975122 0.245311106366855 0.308866945344391 0.175910742024878
"AgeGr35-39" -0.0904998362344142 -0.173263876573112 -0.00773579589571627 0.913474483496625 0.840915687615288 0.992294048367394 0.0865255165033755 0.159084312384712 0.00770595163260646
"AgeGr45-49" 0.305443551986997 0.233142721013714 0.37774438296028 1.35722687019174 1.2625616605492 1.45898995251384 -0.357226870191743 -0.262561660549203 -0.458989952513838
"AgeGr50-54" 0.356813008517507 0.281767301050645 0.431858715984368 1.42876867730018 1.32547024856345 1.54011750580336 -0.428768677300181 -0.325470248563453 -0.540117505803363
"AgeGr55-59" 0.4386440794811 0.364818648557572 0.512469510404628 1.550603297631 1.44025279254263 1.66940873093496 -0.550603297631 -0.440252792542631 -0.669408730934965
"AgeGr60-64" 0.194478228663625 0.11504143759255 0.273915019734699 1.2146770374548 1.12191992626952 1.31510303968478 -0.214677037454798 -0.121919926269521 -0.315103039684775
"AgeGr65-69" -0.0659368063708746 -0.149121602087531 0.0172479893457822 0.936190023667498 0.861464352665816 1.01739759480744 0.0638099763325021 0.138535647334184 -0.0173975948074407
"AgeGr70-74" -0.111394121640409 -0.196654127618894 -0.0261341156619244 0.894586103698361 0.821474709596583 0.974204424775566 0.105413896301639 0.178525290403417 0.0257955752244335
"AgeGr75-79" -0.0268663871396219 -0.118686499107342 0.0649537248280985 0.9734913037928 0.888086172932679 1.06710964255948 0.0265086962071996 0.111913827067321 -0.0671096425594779
"AgeGr80+" -0.0426867552158991 -0.129389580251299 0.0440160698195007 0.958211497814739 0.878631601340697 1.0449991477012 0.0417885021852606 0.121368398659303 -0.0449991477011966
"SexM" -0.378375773572716 -0.412438280485854 -0.344313266659577 0.684973057525695 0.662034055850192 0.708706879034436 0.315026942474305 0.337965944149808 0.291293120965564
