"beta" "lower" "upper" "HR" "lower" "upper" "eff" "upper" "lower"
"Immunity_other" -0.284075158880047 -0.511867354993009 -0.0562829627670851 0.752710069734326 0.599375286711954 0.945271621370227 0.247289930265674 0.400624713288046 0.0547283786297731
"Immunityboost_001-061" -0.94083720667681 -1.0169973666935 -0.86467704666012 0.390300935986873 0.361679301705925 0.421187554592466 0.609699064013127 0.638320698294075 0.578812445407534
"Immunityboost_062-122" -0.416445876810416 -0.490753239642524 -0.342138513978309 0.659386199913987 0.612165113447538 0.710249818367457 0.340613800086013 0.387834886552462 0.289750181632543
"Immunityboost_123-183" 0.133442052461013 -0.0222032374046979 0.289087342326723 1.14275504437395 0.978041440246622 1.33520834363911 -0.142755044373947 0.0219585597533785 -0.335208343639111
"Immunityfull_001-061" -0.488221604265285 -0.652240596914268 -0.324202611616303 0.613716855699461 0.520877392032908 0.723103718323482 0.386283144300539 0.479122607967092 0.276896281676518
"Immunityfull_062-122" -0.308367091527618 -0.449010710896522 -0.167723472158713 0.734645586333446 0.638259262328244 0.845587630879776 0.265354413666554 0.361740737671756 0.154412369120224
"Immunityfull_123-183" -0.148596628494099 -0.256041114468047 -0.0411521425201502 0.861916717432039 0.774110141011304 0.95968311023324 0.138083282567961 0.225889858988696 0.0403168897667595
"Immunityfull_184-244" -0.066885638890731 -0.147351881853966 0.0135806040725037 0.935302157413076 0.862990253371653 1.01367323934865 0.0646978425869243 0.137009746628347 -0.0136732393486481
"Immunityfull_245-305" 0.295164827783668 0.163006389248031 0.427323266319305 1.34334776147333 1.17704421009184 1.53314819679933 -0.343347761473329 -0.177044210091844 -0.533148196799333
"Immunityfull_306-366" 0.479333628461638 0.228932088171178 0.729735168752098 1.61499785493746 1.25725665351189 2.07453113424937 -0.614997854937459 -0.25725665351189 -1.07453113424937
"Immunityfull_367-427" 0.618892242195824 -0.00325977360930763 1.24104425800095 1.85686993995027 0.99674553368426 3.45922390155712 -0.856869939950266 0.00325446631574033 -2.45922390155712
"Immunityhybridboost_001-061" -1.45762984595297 -1.62775205634001 -1.28750763556593 0.232787363300596 0.196370508182652 0.27595771388461 0.767212636699404 0.803629491817348 0.72404228611539
"Immunityhybridboost_062-122" -0.794087002370404 -0.962436254313182 -0.625737750427626 0.45199371578802 0.381961196906748 0.534866684800286 0.54800628421198 0.618038803093252 0.465133315199714
"Immunityhybridboost_123-183" -0.913406764530339 -1.6088660504458 -0.217947478614874 0.401155251991323 0.200114405106507 0.804167676557679 0.598844748008677 0.799885594893493 0.195832323442321
"Immunityhybridfull_001-061" -1.34276059563409 -1.75403004903182 -0.931491142236368 0.261123815401633 0.173075035201075 0.393965813097711 0.738876184598366 0.826924964798925 0.606034186902289
"Immunityhybridfull_062-122" -1.62059969060133 -1.84042530630303 -1.40077407489963 0.197780056671684 0.158749894416411 0.246406153281894 0.802219943328316 0.841250105583589 0.753593846718106
"Immunityhybridfull_123-183" -0.715323920341128 -0.906827099209431 -0.523820741472824 0.489033678181922 0.403803421772882 0.592253372559708 0.510966321818078 0.596196578227118 0.407746627440292
"Immunityhybridfull_184-244" -0.335172333041478 -0.495777665975588 -0.174567000107368 0.715214820586141 0.609097049017608 0.839820584274869 0.284785179413859 0.390902950982392 0.160179415725131
"Immunityhybridfull_245-305" -0.10459992615945 -0.418333827942 0.2091339756231 0.900684790937924 0.658142485397243 1.23261012717823 0.099315209062076 0.341857514602757 -0.232610127178229
"Immunityhybridfull_306-366" 0.280703269414687 -0.264928265396752 0.826334804226126 1.32406065634481 0.767260987164299 2.28492866313928 -0.324060656344809 0.232739012835701 -1.28492866313928
"Immunityinf_062-122" -0.820134961375094 -0.99030299228819 -0.649966930461997 0.440372217255229 0.371464123204646 0.522063040859126 0.559627782744771 0.628535876795354 0.477936959140874
"Immunityinf_123-183" -0.646971996794474 -1.02780560463293 -0.266138388956017 0.523628928731466 0.357791235179003 0.766333068129206 0.476371071268534 0.642208764820998 0.233666931870794
"Immunityinf_184-244" 0.200801557872063 -0.600722164068376 1.0023252798125 1.22238217563339 0.54841544712407 2.72460994879338 -0.222382175633386 0.45158455287593 -1.72460994879338
"Immunityinf_245-305" -0.0922965462150521 -0.512835416834007 0.328242324403902 0.911834708316407 0.598795335128242 1.38852540511592 0.0881652916835934 0.401204664871758 -0.388525405115922
"Immunityinf_306-366" -0.228003125820374 -0.421924814015326 -0.0340814376254225 0.796121771297911 0.655783343256334 0.966492792554474 0.203878228702089 0.344216656743666 0.033507207445526
"Immunityinf_367-427" -0.0728964791574759 -0.265899082617246 0.120106124302294 0.929697068068164 0.766516478434768 1.12761651274545 0.0703029319318362 0.233483521565232 -0.127616512745455
"Immunityinf_428-488" 0.200343335395718 0.00210031620699033 0.398586354584446 1.2218221809567 1.00210252341608 1.48971727642077 -0.2218221809567 -0.00210252341608341 -0.489717276420767
"Immunityinf_489-549" 0.0368386397374357 -0.29797234098775 0.371649620462621 1.0375255919284 0.742321871353565 1.45012479821394 -0.0375255919284032 0.257678128646435 -0.450124798213942
"AgeGr0-11" -3.48929140700192 -3.77488902926952 -3.20369378473432 0.0305224925347879 0.0229396361288671 0.040611914910186 0.969477507465212 0.977060363871133 0.959388085089814
"AgeGr12-15" -2.30056302096342 -2.61978203799419 -1.98134400393264 0.100202411779694 0.0728187328149102 0.13788379635757 0.899797588220306 0.92718126718509 0.86211620364243
"AgeGr16-17" -2.37336436108227 -2.88517800990085 -1.86155071226369 0.0931667518185071 0.0558448477158349 0.155431413987902 0.906833248181493 0.944155152284165 0.844568586012097
"AgeGr18-24" -0.960084463823192 -1.11350938753573 -0.806659540110649 0.382860546743856 0.328404437984281 0.446346581528295 0.617139453256144 0.671595562015719 0.553653418471705
"AgeGr25-29" -0.44287521985989 -0.571571358552194 -0.314179081167587 0.6421873343141 0.564637493287969 0.730388217672114 0.3578126656859 0.435362506712031 0.269611782327886
"AgeGr30-34" -0.236195307607292 -0.351889667882732 -0.120500947331852 0.789626438821227 0.703357720641965 0.886476247557796 0.210373561178773 0.296642279358035 0.113523752442204
"AgeGr35-39" -0.129068331393569 -0.240707546594221 -0.0174291161929161 0.878913906081604 0.786071482057784 0.98272189226531 0.121086093918396 0.213928517942216 0.0172781077346901
"AgeGr45-49" 0.332445681004868 0.236367030963648 0.428524331046089 1.3943741561248 1.26663912063879 1.53499071328873 -0.394374156124796 -0.266639120638787 -0.534990713288727
"AgeGr50-54" 0.421083713375907 0.322313973745696 0.519853453006117 1.52361181975922 1.38031809157029 1.68178117166394 -0.523611819759224 -0.380318091570286 -0.681781171663944
"AgeGr55-59" 0.466521825164327 0.368620517274035 0.56442313305462 1.59443880059133 1.44573886663707 1.75843310814809 -0.594438800591328 -0.445738866637067 -0.758433108148089
"AgeGr60-64" 0.144749299164623 0.0375460253988773 0.251952572930369 1.15574978650806 1.03825978230277 1.28653501925196 -0.15574978650806 -0.0382597823027684 -0.286535019251958
"AgeGr65-69" -0.1101450694173 -0.222288223979706 0.00199808514510655 0.895704186586543 0.800684554584993 1.0020000826474 0.104295813413457 0.199315445415007 -0.00200008264740181
"AgeGr70-74" -0.131717205489972 -0.246150440132242 -0.0172839708477017 0.876588854546691 0.781804601290436 0.982864540125699 0.123411145453309 0.218195398709564 0.0171354598743014
"AgeGr75-79" -0.0853238901203832 -0.210335810770908 0.0396880305301413 0.918214835520066 0.810312088748883 1.0404861236501 0.0817851644799336 0.189687911251117 -0.0404861236501022
"AgeGr80+" -0.0620884252391384 -0.17822577245058 0.0540489219723034 0.939799781096437 0.836753486276034 1.05553623980665 0.0602002189035631 0.163246513723966 -0.055536239806651
"SexM" -0.41453935935272 -0.460092310960014 -0.368986407745426 0.660644530348808 0.631225373797168 0.691434808544377 0.339355469651192 0.368774626202832 0.308565191455623
