"beta" "beta_CI_lower" "beta_CI_upper" "HR" "HR_CI_lower" "HR_CI_upper" "eff" "eff_CI_upper" "eff_CI_lower"
"Immunityboost_001-061" -0.331240622285571 -0.386832826560142 -0.275648418011001 0.71803237366133 0.679204630410747 0.759079762624606 0.28196762633867 0.320795369589253 0.240920237375394
"Immunityboost_062-122" -0.227856683570234 -0.280117261414135 -0.175596105726333 0.796238365698451 0.755695122381323 0.838956764749669 0.203761634301549 0.244304877618677 0.161043235250331
"Immunityboost_123-183" -0.122920775772084 -0.200296890184169 -0.0455446613599987 0.884333720441866 0.818487716033358 0.955476928719941 0.115666279558134 0.181512283966642 0.0445230712800585
"Immunityboost_184-244" -0.0729281601211691 -0.167042697063124 0.0211863768207858 0.92966761483566 0.846163481870284 1.02141240149468 0.0703323851643396 0.153836518129716 -0.0214124014946788
"Immunityboost_245-305" -0.0566296712979613 -0.160652354172958 0.0473930115770354 0.944943944442578 0.851588070691795 1.04853401411944 0.0550560555574219 0.148411929308205 -0.0485340141194417
"Immunityboost_306-366" 0.0961682227068561 -0.092578698878191 0.284915144291903 1.10094425223932 0.911577468017337 1.32964919501031 -0.100944252239318 0.0884225319826631 -0.329649195010312
"Immunityfull_001-061" -0.200129039111087 -0.319301142771316 -0.0809569354508592 0.818625111605472 0.72665668894478 0.922233406155293 0.181374888394528 0.27334331105522 0.0777665938447074
"Immunityfull_062-122" -0.0988892353086604 -0.19960797783264 0.00182950721531971 0.905843037891437 0.819051776602345 1.0018311817847 0.0941569621085633 0.180948223397655 -0.00183118178470165
"Immunityfull_123-183" -0.209547861461876 -0.278778278338844 -0.140317444584908 0.810950825212243 0.756707663096432 0.869082306133076 0.189049174787757 0.243292336903568 0.130917693866924
"Immunityfull_184-244" -0.186204619346448 -0.242414320047438 -0.129994918645458 0.830103722321763 0.784730980411604 0.878099892846104 0.169896277678237 0.215269019588396 0.121900107153896
"Immunityfull_245-305" -0.0134999081329761 -0.0967467647053291 0.069746948439377 0.98659080695289 0.9077858604483 1.07223681572135 0.0134091930471103 0.0922141395516995 -0.0722368157213531
"Immunityfull_306-366" -0.0492432607278301 -0.179097179465574 0.0806106580099137 0.951949529594615 0.83602465102047 1.0839487876216 0.0480504704053847 0.16397534897953 -0.0839487876216001
"Immunityfull_367-427" 0.0725641303509085 -0.0767985515917853 0.221926812293602 1.07526176079312 0.92607639143193 1.24848000113273 -0.075261760793125 0.0739236085680703 -0.248480001132731
"Immunityfull_428-488" 0.170793345117798 -0.0523393197118652 0.393926009947462 1.18624558024927 0.949006795490997 1.48279083284424 -0.186245580249274 0.0509932045090035 -0.482790832844237
"Immunityfull_489-549" 0.389577203864131 -0.00162043498490283 0.780774842713165 1.47635646410165 0.998380877210996 2.18316321841376 -0.476356464101646 0.00161912278900445 -1.18316321841376
"Immunityfull_550+" 0.541301154672082 -0.338847758276914 1.42145006762108 1.71824110576394 0.712590926902125 4.14312389630296 -0.718241105763936 0.287409073097875 -3.14312389630296
"Immunitypartial_001-061" -0.0678124408593165 -0.333862061782338 0.198237180063705 0.934435719102749 0.716152560222153 1.21925154168856 0.0655642808972514 0.283847439777847 -0.219251541688563
"Immunitypartial_062+" 0.157293607219405 -0.0587566994577448 0.373343913896555 1.17033918349462 0.942936158129323 1.45258381769998 -0.170339183494616 0.0570638418706775 -0.45258381769998
"Immunitysecboost_001-061" -0.340013296313973 -0.712516243607964 0.0324896509800178 0.711760858903839 0.490408656005257 1.03302320231089 0.288239141096161 0.509591343994743 -0.0330232023108901
"Immunitysecboost_062-122" 0.373294966092258 -0.508000738544806 1.25459067072932 1.45251271865163 0.601697327381509 3.50640280724902 -0.452512718651632 0.398302672618491 -2.50640280724902
"DCCI1" 0.53624767251787 0.496321754006967 0.576173591028773 1.70957990803564 1.64266800781232 1.77921737567135 -0.709579908035636 -0.642668007812325 -0.779217375671353
"DCCI2+" 0.774467572007615 0.733060924023094 0.815874219992136 2.16943675077954 2.08144200266259 2.26115155243932 -1.16943675077954 -1.08144200266259 -1.26115155243932
"InfPriorinf_NA_062-122" -1.00414609681444 -1.05480786412584 -0.953484329503049 0.366357334972565 0.348259333989976 0.38539583519695 0.633642665027435 0.651740666010024 0.61460416480305
"InfPriorinf_NA_123-183" -1.61766318614581 -1.69401146221942 -1.5413149100722 0.198361692259105 0.183780813538886 0.214099394807447 0.801638307740895 0.816219186461114 0.785900605192553
"InfPriorinf_NA_184-244" -1.90089864607903 -1.99182450987588 -1.80997278228217 0.149434270344513 0.136446250671851 0.163658591155439 0.850565729655487 0.863553749328149 0.836341408844561
"InfPriorinf_NA_245-305" -2.13028742093926 -2.29230629815927 -1.96826854371926 0.118803142433943 0.101033180311113 0.139698528827041 0.881196857566057 0.898966819688887 0.860301471172959
"InfPriorinf_NA_306-366" -8.39805800065943 -584.702774565626 567.906658564308 0.000225304440676718 1.16630316084791e-254 4.35239247330427e+246 0.999774695559323 1 -4.35239247330427e+246
"AgeGr0-11" -2.39487583913971 -2.59673193252442 -2.19301974575501 0.0911839997036319 0.0745167063427663 0.111579298254358 0.908816000296368 0.925483293657234 0.888420701745642
"AgeGr12-15" -2.26215503567365 -2.4897017821342 -2.0346082892131 0.104125847874738 0.0829346954955776 0.130731681485601 0.895874152125262 0.917065304504422 0.869268318514399
"AgeGr16-17" -2.27689739123127 -2.6084199384073 -1.94537484405524 0.102602047404885 0.0736508247127329 0.142933635471624 0.897397952595115 0.926349175287267 0.857066364528376
"AgeGr18-24" -0.870281167840522 -0.979180845664541 -0.761381490016503 0.418833770103883 0.375618662519027 0.467020796578622 0.581166229896117 0.624381337480973 0.532979203421378
"AgeGr25-29" -0.44942283011362 -0.545778230367942 -0.353067429859298 0.637996277614997 0.579390708398324 0.702529820293144 0.362003722385003 0.420609291601676 0.297470179706856
"AgeGr30-34" -0.285139452701912 -0.369691038970422 -0.200587866433402 0.751909391211633 0.690947773598394 0.818249590193865 0.248090608788367 0.309052226401606 0.181750409806135
"AgeGr35-39" -0.134226082934797 -0.214217485415795 -0.0542346804537985 0.874392357064777 0.80717281761584 0.947209788792932 0.125607642935223 0.19282718238416 0.0527902112070681
"AgeGr45-49" 0.236369875233607 0.166766444346174 0.30597330612104 1.26664272330751 1.18147829214707 1.35794605721639 -0.26664272330751 -0.181478292147066 -0.357946057216392
"AgeGr50-54" 0.368472847816006 0.296598896922154 0.440346798709858 1.44552539092449 1.34527559703466 1.55324578875384 -0.445525390924488 -0.345275597034662 -0.553245788753838
"AgeGr55-59" 0.531188790778749 0.460144091110121 0.602233490447378 1.70095318464215 1.58430225241875 1.82619303351186 -0.700953184642151 -0.584302252418752 -0.826193033511861
"AgeGr60-64" 0.564195024881462 0.487736870429612 0.640653179333311 1.75803204092926 1.62862625386039 1.89772002606981 -0.758032040929264 -0.628626253860391 -0.897720026069806
"AgeGr65-69" 0.649326391622477 0.570064151236907 0.728588632008047 1.91425093915307 1.76838049159089 2.07215397109014 -0.914250939153067 -0.768380491590891 -1.07215397109014
"AgeGr70-74" 0.753398250295566 0.672368970226697 0.834427530364436 2.12420635007229 1.95887233860656 2.30349498982523 -1.12420635007229 -0.958872338606562 -1.30349498982523
"AgeGr75-79" 0.813026598746332 0.727402605404452 0.898650592088212 2.25472180832145 2.0696977981848 2.45628634159973 -1.25472180832145 -1.0696977981848 -1.45628634159973
"AgeGr80+" 1.03185376478878 0.950594667361248 1.11311286221631 2.80626316774263 2.58724775373785 3.0438186506304 -1.80626316774263 -1.58724775373785 -2.0438186506304
"SexM" -0.189473207879034 -0.221100837451386 -0.157845578306682 0.827394884264325 0.801635841299289 0.853981645078652 0.172605115735675 0.198364158700711 0.146018354921348
