"beta" "lower" "upper" "HR" "lower" "upper" "eff" "upper" "lower"
"Immunity_other" 0.399501645756887 0.310004107185275 0.488999184328499 1.49108142569497 1.36343071398323 1.63068338951904 -0.491081425694967 -0.36343071398323 -0.630683389519038
"Immunitybnew_001-061" -0.37148138290046 -1.50415567278205 0.761192906981131 0.689711846143697 0.222204828235047 2.14082850714545 0.310288153856303 0.777795171764953 -1.14082850714545
"Immunitybnew_062-122" 0.159077310326843 -0.822630870610296 1.14078549126398 1.1724285840141 0.439274458694001 3.12922537927672 -0.172428584014101 0.560725541305999 -2.12922537927672
"Immunitybnew_123-183" 1.09484521911976 0.215728836700921 1.97396160153859 2.98872005087067 1.2407658832098 7.19914019506128 -1.98872005087067 -0.240765883209803 -6.19914019506128
"Immunityboost_001-061" -0.0759793406372721 -0.527713698595564 0.37575501732102 0.926835354189364 0.589952237590582 1.45609037315233 0.0731646458106361 0.410047762409418 -0.456090373152332
"Immunityboost_062-122" -0.303321410364945 -0.780607858084746 0.173965037354855 0.738361741111633 0.45812745017655 1.19001395905726 0.261638258888367 0.54187254982345 -0.190013959057257
"Immunityboost_123-183" 0.103545257666653 -0.1104744255719 0.317564940905205 1.10909598732571 0.895409229475626 1.37377845638509 -0.109095987325708 0.104590770524374 -0.37377845638509
"Immunityboost_184-244" 0.333183643592403 0.264059062522629 0.402308224662177 1.39540353185872 1.30220510554816 1.49527214140674 -0.395403531858716 -0.302205105548159 -0.495272141406735
"Immunityboost_245-305" 0.545902728182674 0.494815046493275 0.596990409872073 1.72616593788614 1.64019485121214 1.8166432134062 -0.726165937886136 -0.640194851212142 -0.816643213406197
"Immunityboost_306-366" 0.613403431052156 0.558158641142542 0.66864822096177 1.84670585143051 1.74745185007757 1.95159740828126 -0.846705851430511 -0.747451850077572 -0.951597408281263
"Immunityboost_367-427" 0.414290831165613 0.336216039521367 0.492365622809859 1.51329717687304 1.39964137000216 1.63618223540246 -0.513297176873036 -0.39964137000216 -0.636182235402464
"Immunityboost_428-488" 0.349654021283093 0.2601447216309 0.439163320935285 1.41857666634589 1.29711779408541 1.5514086442087 -0.418576666345892 -0.297117794085412 -0.551408644208696
"Immunityboost_489-549" 0.18102149541003 -0.0688091316897497 0.430852122509811 1.19844093999573 0.933504839566499 1.53856801355719 -0.198440939995733 0.0664951604335006 -0.538568013557193
"Immunityfull_062-122" 0.338991725720811 -0.793403637325896 1.47138708876752 1.40353173195128 0.452302698055543 4.35527210220677 -0.40353173195128 0.547697301944457 -3.35527210220677
"Immunityfull_123-183" 0.345942954183488 -0.199816939256038 0.891702847623014 1.41332198941112 0.818880644257921 2.43927983859374 -0.413321989411119 0.181119355742079 -1.43927983859374
"Immunityfull_184-244" 0.389705682951188 0.180062680455254 0.599348685447121 1.47654615721786 1.19729240760306 1.82093241429594 -0.476546157217862 -0.197292407603056 -0.820932414295944
"Immunityfull_245-305" 0.182616432970864 0.0100563438104807 0.355176522131247 1.2003539035886 1.01010707876265 1.42643242895136 -0.200353903588595 -0.0101070787626536 -0.426432428951364
"Immunityfull_306-366" 0.279024999799072 0.107230470661908 0.450819528936237 1.32184038920061 1.1131907827336 1.56959798951207 -0.32184038920061 -0.113190782733599 -0.569597989512066
"Immunityfull_367-427" 0.307526937249299 0.190939041108977 0.424114833389621 1.36005744421496 1.21038566606445 1.52823707635186 -0.360057444214962 -0.210385666064452 -0.528237076351858
"Immunityfull_428-488" 0.4215129336372 0.321067372278853 0.521958494995547 1.52426592519022 1.37859845708476 1.68532512041914 -0.52426592519022 -0.378598457084755 -0.685325120419135
"Immunityfull_489-549" 0.423501085875697 0.29922791279172 0.547774258959675 1.52729941241945 1.34881700109217 1.72939953551 -0.527299412419448 -0.348817001092173 -0.729399535509997
"Immunityhybridboost_001-061" -1.22357694308735 -1.40473126008669 -1.04242262608801 0.294176031833799 0.245433005235544 0.352599429821704 0.705823968166201 0.754566994764456 0.647400570178296
"Immunityhybridboost_062-122" -0.445702544414229 -0.600230109902893 -0.291174978925565 0.640374226625049 0.548685363630568 0.747384889970818 0.359625773374951 0.451314636369432 0.252615110029182
"Immunityhybridboost_123-183" -0.198221739577226 -0.324381162377546 -0.072062316776906 0.82018796484009 0.72297461912984 0.930472909931733 0.17981203515991 0.27702538087016 0.0695270900682674
"Immunityhybridboost_184-244" -0.115330076531556 -0.22017267113868 -0.010487481924432 0.891071973413763 0.802380238090812 0.989567319968857 0.108928026586237 0.197619761909188 0.0104326800311432
"Immunityhybridboost_245-305" 0.357368264834088 0.27123772244125 0.443498807226926 1.42956223042549 1.31158682694977 1.55814935669324 -0.42956223042549 -0.311586826949768 -0.558149356693236
"Immunityhybridboost_306-366" 0.483487078214964 0.373079958619114 0.593894197810815 1.62171961696692 1.45220045113341 1.81102719944943 -0.621719616966922 -0.452200451133413 -0.811027199449426
"Immunityhybridboost_367-427" 0.529069039270819 0.378162183322437 0.679975895219201 1.6973514053513 1.45959964640068 1.97383015291383 -0.697351405351298 -0.459599646400677 -0.973830152913834
"Immunityhybridboost_428-488" 0.718183900406766 0.531052300097905 0.905315500715626 2.05070554125969 1.7007210362273 2.47271194239003 -1.05070554125969 -0.700721036227303 -1.47271194239003
"Immunityhybridboost_489-549" -0.169763506785933 -1.3039701847192 0.964443171147331 0.843864361194998 0.271451936507179 2.6233265058185 0.156135638805002 0.728548063492821 -1.6233265058185
"Immunityhybridfull_001-061" -3.23198529152859 -5.19241111864091 -1.27155946441628 0.0394790435252149 0.00555858822882355 0.28039401616113 0.960520956474785 0.994441411771177 0.71960598383887
"Immunityhybridfull_062-122" -1.12225854082039 -1.92354378263354 -0.320973299007239 0.325543709939566 0.146088338411617 0.72544262076971 0.674456290060435 0.853911661588383 0.27455737923029
"Immunityhybridfull_123-183" -0.898012754536198 -1.38997100032285 -0.406054508749541 0.407378416785865 0.249082527839822 0.666273848680707 0.592621583214135 0.750917472160177 0.333726151319293
"Immunityhybridfull_184-244" -0.367978614638934 -0.61880887076888 -0.117148358508989 0.692131983022826 0.538585580705358 0.889453225420046 0.307868016977174 0.461414419294642 0.110546774579954
"Immunityhybridfull_245-305" 0.018420491617224 -0.152310133950928 0.189151117185376 1.01859119541128 0.85872192061761 1.20822352202581 -0.0185911954112783 0.14127807938239 -0.208223522025811
"Immunityhybridfull_306-366" 0.326865710361852 0.161710764561188 0.492020656162515 1.38661525661577 1.17552019004793 1.63561790444555 -0.386615256615774 -0.17552019004793 -0.635617904445549
"Immunityhybridfull_367-427" 0.464751966284354 0.286192289152559 0.643311643416149 1.59161936465935 1.33134843450272 1.90277175854784 -0.591619364659355 -0.331348434502718 -0.902771758547838
"Immunityhybridfull_428-488" 0.491817996918801 0.291635368103499 0.692000625734103 1.6352864649438 1.33861482697671 1.99770820443401 -0.635286464943803 -0.338614826976715 -0.997708204434012
"Immunityhybridfull_489-549" 0.571965429717748 0.276347032722029 0.867583826713467 1.77174587361592 1.31830527972329 2.38115062494017 -0.771745873615922 -0.318305279723293 -1.38115062494017
"Immunityinf_062-122" -0.541185436604944 -1.133664492701 0.0512936194911131 0.5820578505588 0.321851669692132 1.0526319211617 0.4179421494412 0.678148330307868 -0.0526319211617003
"Immunityinf_123-183" -0.355680048360264 -0.72225336269751 0.0108932659769814 0.70069677345587 0.485656661432969 1.01095281362517 0.29930322654413 0.514343338567031 -0.0109528136251706
"Immunityinf_184-244" -0.243805923181401 -0.498470948491568 0.0108591021287666 0.783639705806636 0.607458785728189 1.01091827617666 0.216360294193364 0.392541214271811 -0.0109182761766631
"Immunityinf_245-305" -0.0458865604641987 -0.271933696458745 0.180160575530347 0.955150307852801 0.761904776399922 1.19740962237049 0.0448496921471991 0.238095223600078 -0.197409622370487
"Immunityinf_306-366" 0.00706923067373143 -0.253924149458535 0.268062610805998 1.00709427666874 0.775750640921123 1.30742899663562 -0.00709427666874496 0.224249359078877 -0.30742899663562
"Immunityinf_367-427" -0.13955483172793 -0.520252749681997 0.241143086226137 0.869745332257495 0.594370302078855 1.27270312856806 0.130254667742505 0.405629697921145 -0.27270312856806
"Immunityinf_428-488" 0.037953730876723 -0.393125509930537 0.469032971683983 1.03868317280689 0.674944030091468 1.59844770139826 -0.0386831728068893 0.325055969908532 -0.598447701398262
"Immunityinf_489-549" 0.0659762492518577 -0.288869717216842 0.420822215720557 1.06820134628356 0.749109795154403 1.52321345092922 -0.0682013462835649 0.250890204845597 -0.523213450929222
"Immunitysecbnew_001-061" -0.118772104865337 -0.26114104440398 0.0235968346733065 0.88801015089669 0.770172283463316 1.02387744278404 0.11198984910331 0.229827716536684 -0.0238774427840363
"Immunitysecbnew_062-122" 0.0609553974992811 -0.0880777824270226 0.209988577425585 1.06285150729485 0.915689649389915 1.23366396825778 -0.0628515072948519 0.084310350610085 -0.233663968257781
"Immunitysecbnew_123-183" 0.515671139633658 0.351682000629936 0.67966027863738 1.67476212394 1.42145642959038 1.97320727768792 -0.674762123940003 -0.42145642959038 -0.973207277687923
"Immunitysecboost_001-061" 0.0805343742418443 -0.0039430737480867 0.165011822231775 1.08386610307747 0.996064689959562 1.17940706185261 -0.0838661030774703 0.00393531004043801 -0.179407061852614
"Immunitysecboost_062-122" 0.462685306324967 0.363129612721797 0.562240999928137 1.58833342527705 1.43782220721415 1.75460015653838 -0.588333425277047 -0.437822207214151 -0.754600156538385
"Immunitysecboost_123-183" 0.572920331378098 0.460394843935248 0.685445818820948 1.77343852472141 1.58469957049663 1.98465643552892 -0.773438524721413 -0.584699570496635 -0.98465643552892
"Immunitysecboost_184-244" 0.755967909472359 0.609358183320509 0.90257763562421 2.12967185564897 1.83925055819457 2.46595124983703 -1.12967185564897 -0.839250558194567 -1.46595124983703
"AgeGr70-74" 0.101303365670709 0.0641103009273439 0.138496430414074 1.10661229902971 1.06620999622716 1.14854558173072 -0.106612299029713 -0.0662099962271585 -0.148545581730718
"AgeGr75-79" 0.337341563528304 0.299001944598653 0.375681182457955 1.40121758683375 1.34851224578546 1.45598286688792 -0.401217586833745 -0.348512245785458 -0.455982866887925
"AgeGr80+" 0.460754528952595 0.423338837564727 0.498170220340463 1.58526966571035 1.52705163077106 1.64570723240867 -0.585269665710345 -0.527051630771057 -0.645707232408675
"SexM" 0.0515554771765284 0.0257428121141211 0.0773681422389357 1.05290759701252 1.02607701995578 1.08043975869808 -0.052907597012515 -0.0260770199557769 -0.0804397586980838
