"beta" "lower" "upper" "HR" "lower" "upper" "eff" "upper" "lower"
"Immunity_other" 0.114469544936805 0.0515798580350267 0.177359231838583 1.12127849193663 1.05293326811659 1.1940599604461 -0.121278491936627 -0.0529332681165899 -0.194059960446098
"Immunitybnew_001-061" -0.694841726875791 -2.08130249984447 0.691619046092884 0.499153444308564 0.124767596543048 1.99694606507178 0.500846555691436 0.875232403456952 -0.996946065071783
"Immunitybnew_062-122" 0.74206465274326 -0.0594687412589079 1.54359804674543 2.10026736384757 0.942264987148161 4.68140391483063 -1.10026736384757 0.0577350128518395 -3.68140391483063
"Immunitybnew_123-183" -0.333417613643733 -2.29414580221203 1.62731057492457 0.716470923637274 0.100847500198485 5.09016667153203 0.283529076362726 0.899152499801515 -4.09016667153203
"Immunityboost_001-061" -0.787945090085228 -1.21692171857604 -0.358968461594412 0.454778364323577 0.296140368672473 0.698396377312448 0.545221635676423 0.703859631327527 0.301603622687552
"Immunityboost_062-122" -0.121016557179511 -0.352888081776783 0.110854967417762 0.886019289491002 0.702655828968693 1.11723285993706 0.113980710508998 0.297344171031307 -0.117232859937062
"Immunityboost_123-183" 0.0659739568681222 -0.0423418091434739 0.174289722879718 1.06819889755898 0.958542086121754 1.19040040209698 -0.0681988975589791 0.0414579138782457 -0.190400402096984
"Immunityboost_184-244" 0.293388588835186 0.246960811852343 0.339816365818029 1.34096377275165 1.28012894591315 1.40468961784912 -0.340963772751649 -0.28012894591315 -0.404689617849117
"Immunityboost_245-305" 0.424426686074067 0.382549996251647 0.466303375896488 1.52871373550644 1.46601816793859 1.59409053464333 -0.528713735506443 -0.466018167938591 -0.594090534643329
"Immunityboost_306-366" 0.481680590306836 0.424481836101844 0.538879344511829 1.61879264465453 1.52879804643627 1.71408488681428 -0.618792644654532 -0.528798046436273 -0.714084886814281
"Immunityboost_367-427" 0.261657447804624 0.185120914490299 0.338193981118949 1.29908146299514 1.20336393546817 1.40241251857114 -0.299081462995144 -0.203363935468172 -0.402412518571145
"Immunityboost_428-488" 0.174043450698292 0.0640589249468686 0.284027976449715 1.19010727568911 1.06615522005031 1.32847009610976 -0.190107275689111 -0.0661552200503117 -0.328470096109757
"Immunityboost_489-549" -0.293240493393797 -0.820387679773672 0.233906692986078 0.745842748872897 0.440260941155057 1.26352659081415 0.254157251127103 0.559739058844943 -0.26352659081415
"Immunityfull_001-061" -0.00242673183490518 -0.98303414761286 0.97818068394305 0.99757621029839 0.37417407539753 2.65961316078892 0.00242378970160995 0.62582592460247 -1.65961316078892
"Immunityfull_062-122" -0.51785164103334 -1.49895172235675 0.463248440290066 0.595799164492142 0.223364185147005 1.58922812167004 0.404200835507858 0.776635814852995 -0.589228121670041
"Immunityfull_123-183" -0.360418639375353 -0.781228876463185 0.0603915977124782 0.697384312418157 0.457843032933631 1.0622524407343 0.302615687581843 0.542156967066369 -0.0622524407343044
"Immunityfull_184-244" -0.112292408008848 -0.256266761735168 0.0316819457174725 0.893782870016959 0.773935484879615 1.03218916090921 0.106217129983041 0.226064515120385 -0.0321891609092102
"Immunityfull_245-305" -0.0805713306315787 -0.180744956280237 0.0196022950170798 0.92258909237396 0.834648203334763 1.01979568154179 0.0774109076260397 0.165351796665237 -0.0197956815417926
"Immunityfull_306-366" 0.00961497523571065 -0.0858951091677193 0.105125059639141 1.00966134761403 0.917690483490662 1.1108495241099 -0.00966134761403192 0.0823095165093382 -0.110849524109897
"Immunityfull_367-427" 0.1313776855102 0.0675285416705721 0.195226829349827 1.14039841194144 1.0698607947765 1.21558668595782 -0.140398411941442 -0.0698607947765 -0.215586685957818
"Immunityfull_428-488" 0.20716786438886 0.137956732720032 0.276378996057688 1.23018905938395 1.14792588156917 1.31834741783088 -0.230189059383946 -0.147925881569171 -0.318347417830884
"Immunityfull_489-549" 0.200328466394652 0.0877465110828978 0.312910421706405 1.22180401381645 1.09171135022243 1.36739903626892 -0.221804013816452 -0.0917113502224307 -0.36739903626892
"Immunityhybridboost_001-061" -1.50026143575722 -1.69520886129177 -1.30531401022267 0.223071833570712 0.183560886259874 0.271087397465224 0.776928166429288 0.816439113740126 0.728912602534776
"Immunityhybridboost_062-122" -0.568155745796275 -0.711919130203108 -0.424392361389442 0.566569373712047 0.490701573031253 0.654167161612129 0.433430626287953 0.509298426968747 0.345832838387871
"Immunityhybridboost_123-183" -0.401355333513285 -0.496996099348064 -0.305714567678506 0.669412154199714 0.608355356789049 0.736596837998564 0.330587845800286 0.391644643210951 0.263403162001436
"Immunityhybridboost_184-244" -0.0382311607407247 -0.0966238876742278 0.0201615661927784 0.962490425174118 0.907897413333211 1.02036618338933 0.0375095748258824 0.0921025866667887 -0.0203661833893301
"Immunityhybridboost_245-305" 0.368501538059729 0.312666451455647 0.424336624663811 1.44556686399519 1.36706547227465 1.5285760635911 -0.445566863995194 -0.367065472274654 -0.528576063591102
"Immunityhybridboost_306-366" 0.554304944665708 0.475017799221981 0.633592090109435 1.74073066007063 1.60804281914215 1.88436725368199 -0.740730660070632 -0.608042819142153 -0.884367253681988
"Immunityhybridboost_367-427" 0.652131577809847 0.55960045515038 0.744662700469314 1.91962830818116 1.74997316783188 2.10573105308577 -0.91962830818116 -0.749973167831883 -1.10573105308577
"Immunityhybridboost_428-488" 0.620649863791625 0.454407130323137 0.786892597260113 1.860136484491 1.57523919458308 2.19656021309852 -0.860136484491004 -0.575239194583077 -1.19656021309852
"Immunityhybridboost_489-549" 1.1777298186975 0.608602125865447 1.74685751152954 3.24699456315238 1.83786050464471 5.7365472877275 -2.24699456315238 -0.837860504644708 -4.7365472877275
"Immunityhybridfull_001-061" -3.35062209018367 -4.33115579940767 -2.37008838095967 0.0350625352559066 0.0131523372381835 0.0934724647268463 0.964937464744093 0.986847662761816 0.906527535273154
"Immunityhybridfull_062-122" -1.24071524705001 -1.64216985460453 -0.839260639495482 0.289177310734556 0.193559590127938 0.432029831166707 0.710822689265444 0.806440409872062 0.567970168833293
"Immunityhybridfull_123-183" -0.847188421675027 -1.02258490359082 -0.671791939759238 0.428618333443205 0.359664040678452 0.510792447910783 0.571381666556795 0.640335959321548 0.489207552089217
"Immunityhybridfull_184-244" -0.335358627305747 -0.419051771129527 -0.251665483481966 0.715081592577538 0.657670146060124 0.777504782764583 0.284918407422462 0.342329853939876 0.222495217235417
"Immunityhybridfull_245-305" 0.140919344768679 0.0716218191384472 0.210216870398911 1.15133178330847 1.07424900681925 1.23394563722348 -0.151331783308474 -0.0742490068192507 -0.23394563722348
"Immunityhybridfull_306-366" 0.483607336845207 0.410933016847144 0.556281656843271 1.62191465447393 1.5082243275538 1.74417498666388 -0.621914654473933 -0.508224327553801 -0.744174986663884
"Immunityhybridfull_367-427" 0.425015564811132 0.349490982725819 0.500540146896445 1.52961422763465 1.4183454025058 1.64961206293527 -0.529614227634653 -0.418345402505803 -0.649612062935272
"Immunityhybridfull_428-488" 0.528687927759184 0.43695542905836 0.620420426460009 1.69670464844251 1.54798708027691 1.85970974869599 -0.696704648442509 -0.547987080276911 -0.859709748695994
"Immunityhybridfull_489-549" 0.493512524793919 0.336835792185556 0.650189257402282 1.63805985257014 1.40050907032215 1.91590339360309 -0.638059852570143 -0.400509070322148 -0.915903393603094
"Immunityinf_062-122" -1.74514384975722 -2.31191523525272 -1.17837246426173 0.174619868134404 0.0990713248466539 0.307779252921805 0.825380131865596 0.900928675153346 0.692220747078195
"Immunityinf_123-183" -0.470529193688314 -0.628391628985817 -0.31266675839081 0.624671608526389 0.533449095460995 0.731493636073617 0.375328391473611 0.466550904539005 0.268506363926383
"Immunityinf_184-244" 0.0499250654688727 -0.0287747071836062 0.128624838121352 1.0511923228208 0.971635342272649 1.13726338625433 -0.051192322820796 0.0283646577273513 -0.137263386254333
"Immunityinf_245-305" 0.212132061459993 0.137320463781362 0.286943659138624 1.2363111433528 1.14719572429966 1.33234914566248 -0.2363111433528 -0.147195724299662 -0.332349145662483
"Immunityinf_306-366" 0.299641965213979 0.208143065517553 0.391140864910404 1.34937559767481 1.23138932629887 1.47866679100833 -0.349375597674812 -0.231389326298865 -0.478666791008333
"Immunityinf_367-427" 0.244089519451579 0.113371230717914 0.374807808185243 1.27645859324824 1.1200476518739 1.45471180404806 -0.276458593248239 -0.120047651873898 -0.454711804048063
"Immunityinf_428-488" 0.0892003811162092 -0.0904094247829002 0.268810187015319 1.09329971099483 0.913557075784187 1.30840676488148 -0.0932997109948281 0.0864429242158135 -0.308406764881482
"Immunityinf_489-549" 0.156721281219696 0.0167201462907089 0.296722416148682 1.16966955959129 1.01686071026063 1.34544177469873 -0.169669559591286 -0.0168607102606284 -0.345441774698732
"Immunitysecbnew_001-061" -0.0793580962408623 -0.322156380632166 0.163440188150442 0.923709088460833 0.724584870429519 1.17755492134325 0.0762909115391672 0.275415129570481 -0.177554921343252
"Immunitysecbnew_062-122" 0.295994470448945 0.0601753526793916 0.531813588218498 1.34446272253623 1.0620227587548 1.70201626790832 -0.344462722536232 -0.0620227587548001 -0.702016267908315
"Immunitysecbnew_123-183" 0.215737073814997 -0.129860016055299 0.561334163685294 1.24077610358202 0.878218358786569 1.75300974275616 -0.240776103582019 0.121781641213431 -0.753009742756156
"Immunitysecboost_001-061" 0.032037174542742 -0.106139222337675 0.170213571423158 1.0325558893847 0.899299436790163 1.18555802559877 -0.032555889384702 0.100700563209837 -0.185558025598772
"Immunitysecboost_062-122" 0.397821426599082 0.20284729513999 0.592795558058173 1.48857818570248 1.2248854080106 1.80903862553819 -0.488578185702479 -0.224885408010601 -0.809038625538191
"Immunitysecboost_123-183" 0.570860449020191 0.35563304649558 0.786087851544802 1.76978920986153 1.42708377877647 2.19479325175126 -0.769789209861527 -0.427083778776475 -1.19479325175126
"Immunitysecboost_184-244" 0.65301220117831 0.33066391499233 0.97536048736429 1.92131952228014 1.39189191968361 2.65212309554459 -0.921319522280141 -0.391891919683608 -1.65212309554459
"AgeGr45-49" 0.123564752281218 0.0902786907366933 0.156850813825742 1.13152327088301 1.09447926243781 1.16982107975074 -0.131523270883012 -0.094479262437807 -0.169821079750742
"AgeGr50-54" 0.222203731462021 0.187879117717781 0.25652834520626 1.24882577705021 1.2066876393771 1.29243539962846 -0.248825777050212 -0.2066876393771 -0.292435399628461
"AgeGr55-59" 0.248805868554216 0.214415196676375 0.283196540432058 1.28249303667416 1.2391370335798 1.32736601727253 -0.282493036674161 -0.239137033579797 -0.327366017272529
"AgeGr60-64" 0.110420343720926 0.0740396414272829 0.14680104601457 1.11674738956736 1.07684949250098 1.15812352681623 -0.116747389567357 -0.0768494925009791 -0.158123526816234
"AgeGr65-69" -0.0787792748654146 -0.142804271634278 -0.014754278096551 0.924243905792849 0.866923733856458 0.98535403292657 0.0757560942071507 0.133076266143542 0.0146459670734297
"SexM" -0.395759635910193 -0.416634046148689 -0.374885225671697 0.673168482022293 0.659262135322025 0.687368166483349 0.326831517977707 0.340737864677975 0.312631833516651
