"beta" "beta_CI_lower" "beta_CI_upper" "HR" "HR_CI_lower" "HR_CI_upper" "eff" "eff_CI_upper" "eff_CI_lower"
"InfPriorinf_NA_001-061" 4.53931847017071 4.51518385025056 4.56345309009086 93.6269687984078 91.3943673552144 95.9141087142489 -92.6269687984078 -90.3943673552144 -94.9141087142489
"InfPriorinf_NA_062-122" 3.7823016534199 3.75589479069082 3.80870851614898 43.9170072270926 42.7724751053067 45.0921654413498 -42.9170072270926 -41.7724751053067 -44.0921654413498
"InfPriorinf_NA_123-183" 3.29736374916167 3.26780466896474 3.3269228293586 27.0412573347976 26.2536406005199 27.8525027965936 -26.0412573347976 -25.2536406005199 -26.8525027965936
"InfPriorinf_NA_184-244" 2.99417607612025 2.96015086028106 3.02820129195944 19.9689002562722 19.3008832725562 20.6600377720504 -18.9689002562722 -18.3008832725562 -19.6600377720504
"InfPriorinf_NA_245-305" 2.85691776238299 2.81702838989525 2.89680713487073 17.4077892201544 16.7270704135483 18.116210313067 -16.4077892201544 -15.7270704135483 -17.116210313067
"InfPriorinf_NA_306-366" 2.76179364649634 2.71830435657081 2.80528293642187 15.8282077117821 15.1546036422382 16.5317526793671 -14.8282077117821 -14.1546036422382 -15.5317526793671
"InfPriorinf_NA_367-427" 2.69591680027994 2.64810364467982 2.74372995588006 14.819098681115 14.1272229929273 15.5448587334233 -13.819098681115 -13.1272229929273 -14.5448587334233
"InfPriorinf_NA_428-488" 2.68227721270613 2.62933965609643 2.73521476931582 14.6183445013188 13.8646114669467 15.4130533314033 -13.6183445013188 -12.8646114669467 -14.4130533314033
"InfPriorinf_NA_489-549" 2.57973450093694 2.51701640894442 2.64245259292945 13.1936347969322 12.3915700773015 14.0476144724936 -12.1936347969322 -11.3915700773015 -13.0476144724936
"InfPriorinf_NA_550+" 2.458673137384 2.39639887146135 2.52094740330665 11.6892911621028 10.9835518948452 12.4403771367021 -10.6892911621028 -9.98355189484524 -11.4403771367021
"VaccStatusboost_001-061" -0.489689989497471 -0.532091191844919 -0.447288787150023 0.612816344242475 0.587375369878517 0.639359242877996 0.387183655757525 0.412624630121483 0.360640757122004
"VaccStatusboost_062-122" -0.258807144937359 -0.295928323117122 -0.221685966757596 0.771971887375319 0.743840742295222 0.801166917879433 0.228028112624681 0.256159257704778 0.198833082120567
"VaccStatusboost_123-183" -0.0847876377489783 -0.127316104165788 -0.0422591713321682 0.918707362450638 0.880455313011929 0.958621301214832 0.0812926375493624 0.119544686988071 0.0413786987851683
"VaccStatusboost_184-244" 0.0258343935427451 -0.0284929980268389 0.080161785112329 1.02617099385821 0.97190909940374 1.08346234157286 -0.0261709938582091 0.0280909005962595 -0.0834623415728584
"VaccStatusboost_245-305" 0.162146546550005 0.0942563878546957 0.230036705245315 1.17603257220959 1.09884143940354 1.25864620799945 -0.176032572209594 -0.0988414394035357 -0.258646207999446
"VaccStatusboost_306-366" 0.0708794577691248 -0.10397325787683 0.24573217341508 1.07345182179185 0.901249398421367 1.27855709610083 -0.0734518217918503 0.0987506015786331 -0.278557096100829
"VaccStatusfull_001-061" -0.310890172183839 -0.346235255631126 -0.275545088736552 0.732794352653404 0.707346060386997 0.759158201838192 0.267205647346596 0.292653939613003 0.240841798161808
"VaccStatusfull_062-122" -0.254369565402496 -0.290614581482495 -0.218124549322496 0.77540518615836 0.747803839930426 0.804025294624351 0.22459481384164 0.252196160069574 0.195974705375649
"VaccStatusfull_123-183" -0.274716223121414 -0.308020439604556 -0.241412006638272 0.759787702817963 0.734900296784101 0.785517921110584 0.240212297182037 0.265099703215899 0.214482078889416
"VaccStatusfull_184-244" -0.200711586524228 -0.233488626897008 -0.167934546151448 0.818148362542324 0.791766600532134 0.845409168157402 0.181851637457676 0.208233399467866 0.154590831842598
"VaccStatusfull_245-305" -0.133915805821596 -0.174527002203566 -0.0933046094396266 0.874663703095186 0.839854176009605 0.910915984423747 0.125336296904814 0.160145823990395 0.0890840155762531
"VaccStatusfull_306-366" -0.0598883197999098 -0.116541878632039 -0.00323476096778042 0.941869715909079 0.889992824514208 0.996770465234788 0.0581302840909206 0.110007175485792 0.00322953476521182
"VaccStatusfull_367-427" -0.0867644708027205 -0.164169051862478 -0.00935988974296284 0.916893025281521 0.848598552587862 0.990683777678088 0.0831069747184786 0.151401447412138 0.00931622232191165
"VaccStatusfull_428-488" -0.150700812843931 -0.286745082402163 -0.0146565432856988 0.860104992534412 0.750703071871449 0.985450341022851 0.139895007465588 0.249296928128551 0.014549658977149
"VaccStatusfull_489-549" 0.202128577444225 -0.0483358415757268 0.452592996464177 1.22400537747722 0.952813738870329 1.57238409037786 -0.22400537747722 0.0471862611296705 -0.572384090377861
"VaccStatusfull_550+" 0.0866349067924671 -0.568576371780134 0.741846185365069 1.09049847344602 0.566331110025267 2.09980857406022 -0.0904984734460181 0.433668889974733 -1.09980857406022
"VaccStatuspartial_001-061" -0.206751279079603 -0.242210089625895 -0.171292468533311 0.813221890132852 0.784891262717236 0.84257511072524 0.186778109867148 0.215108737282764 0.15742488927476
"VaccStatuspartial_062+" 0.101219844084863 0.0283829620850038 0.174056726084722 1.10651987687526 1.0287895963988 1.19012307492796 -0.106519876875258 -0.0287895963988019 -0.190123074927959
"VaccStatussecboost_001-061" -0.33249354617395 -0.61945425854828 -0.0455328337996199 0.717133297102605 0.538238096296567 0.955488229747838 0.282866702897395 0.461761903703433 0.0445117702521619
"VaccStatussecboost_062-122" 0.568097075593972 -1.39520761548793 2.53140176667587 1.76490537243012 0.24778158773141 12.5711155625057 -0.764905372430118 0.75221841226859 -11.5711155625057
"AgeGr0-11" -3.21382455089508 -3.31844809443519 -3.10920100735498 0.04020256212662 0.0362089810927955 0.0446366054157299 0.95979743787338 0.963791018907204 0.95536339458427
"AgeGr12-15" -2.44876410449025 -2.55047168988449 -2.347056519096 0.0864003022866431 0.0780448443540179 0.0956502930720369 0.913599697713357 0.921955155645982 0.904349706927963
"AgeGr16-17" -2.07796588046938 -2.20714750697217 -1.94878425396659 0.125184593816777 0.110014015576747 0.142447145910595 0.874815406183223 0.889985984423253 0.857552854089405
"AgeGr18-24" -1.10345726208757 -1.15423433833246 -1.05268018584269 0.331722248177409 0.315298856755381 0.349001106658776 0.668277751822591 0.684701143244619 0.650998893341224
"AgeGr25-29" -0.674670453275839 -0.720040633742109 -0.629300272809568 0.509324239088543 0.486732477796165 0.532964600385183 0.490675760911457 0.513267522203835 0.467035399614817
"AgeGr30-34" -0.517744230533591 -0.558260923850554 -0.477227537216629 0.595863163015146 0.572203304187351 0.620501326084902 0.404136836984854 0.427796695812649 0.379498673915098
"AgeGr35-39" -0.273924105839869 -0.310676295306321 -0.237171916373417 0.760389782214938 0.73295109718283 0.788855659155462 0.239610217785062 0.26704890281717 0.211144340844538
"AgeGr45-49" 0.27360081833405 0.243300067022523 0.303901569645577 1.31468989737605 1.27545128757348 1.35513566304121 -0.314689897376054 -0.275451287573482 -0.355135663041213
"AgeGr50-54" 0.487734881320901 0.45674629089656 0.518723471745241 1.62862301434894 1.57892824495925 1.67988186374834 -0.628623014348944 -0.578928244959248 -0.679881863748341
"AgeGr55-59" 0.710963779357326 0.680671638564784 0.741255920149868 2.03595252239576 1.97520390994378 2.09856949582874 -1.03595252239576 -0.975203909943777 -1.09856949582874
"AgeGr60-64" 0.868792882642839 0.837543304563058 0.90004246072262 2.38403131032593 2.3106833529239 2.45970754989966 -1.38403131032593 -1.3106833529239 -1.45970754989966
"AgeGr65-69" 1.0268419627836 0.995289798874405 1.05839412669279 2.79223391764908 2.70550828093606 2.88173956287891 -1.79223391764908 -1.70550828093606 -1.88173956287891
"AgeGr70-74" 1.1608106915529 1.12869838338382 1.19292299972197 3.192520376606 3.09162976338839 3.29670340082183 -2.192520376606 -2.09162976338839 -2.29670340082183
"AgeGr75-79" 1.23901388014203 1.2043227886299 1.27370497165417 3.45220749532667 3.33450015185204 3.57406988995647 -2.45220749532667 -2.33450015185204 -2.57406988995647
"AgeGr80+" 1.07249683625187 1.03661485071854 1.1083788217852 2.92266782028528 2.81965588446458 3.0294431440357 -1.92266782028528 -1.81965588446458 -2.0294431440357
"SexM" -0.0868967424434692 -0.100364102075969 -0.0734293828109691 0.916771754357205 0.904508024823653 0.929201761091119 0.0832282456427947 0.0954919751763469 0.0707982389088812
