"beta" "lower" "upper" "HR" "lower" "upper" "eff" "upper" "lower"
"Immunity_other" -0.386803778953873 -0.450180802662357 -0.32342675524539 0.679224359965974 0.637512877175644 0.723664960643735 0.320775640034026 0.362487122824356 0.276335039356265
"Immunitybnew_001-061" -0.294674714523828 -1.27537827123672 0.686028842189066 0.744773812171817 0.279325287512726 1.98581387398257 0.255226187828183 0.720674712487274 -0.985813873982567
"Immunityboost_001-061" -0.627975005477273 -0.915355720405688 -0.340594290548857 0.533671389197959 0.400374179491184 0.711347450053908 0.466328610802041 0.599625820508816 0.288652549946092
"Immunityboost_062-122" -0.939989516083571 -1.19261856792705 -0.687360464240086 0.39063193068957 0.303425682119178 0.502901745852632 0.60936806931043 0.696574317880822 0.497098254147368
"Immunityboost_123-183" -0.156718309400016 -0.262422663215329 -0.0510139555847026 0.854944854830217 0.76918584842872 0.950265408930486 0.145055145169783 0.23081415157128 0.0497345910695138
"Immunityboost_184-244" -0.0127305602525849 -0.0664936572434492 0.0410325367382794 0.98735013055358 0.935668850557241 1.04188600456624 0.0126498694464197 0.0643311494427592 -0.0418860045662424
"Immunityboost_245-305" 0.12880799327446 0.0695648230190594 0.18805116352986 1.13747170098034 1.0720415519224 1.2068952627918 -0.137471700980342 -0.0720415519224002 -0.206895262791799
"Immunityboost_306-366" 0.161900070121182 0.0665259677819347 0.257274172460429 1.17574274362044 1.06878871778718 1.29339969272709 -0.17574274362044 -0.0687887177871784 -0.293399692727093
"Immunityboost_367-427" -0.0789303479063026 -0.199484895273128 0.0416241994605225 0.924104288001987 0.819152593795675 1.04250263207574 0.0758957119980134 0.180847406204325 -0.042502632075738
"Immunityboost_428-488" 0.0429434599855486 -0.199991539280805 0.285878459251903 1.04387887225554 0.818737680158284 1.33093068311065 -0.0438788722555363 0.181262319841716 -0.330930683110646
"Immunityboost_489-549" 0.300814188480923 -0.442741250983688 1.04436962794553 1.3509582946021 0.642273373192727 2.84160668950317 -0.350958294602102 0.357726626807273 -1.84160668950317
"Immunityfull_001-061" -1.26905237458576 -2.40180373507448 -0.136301014097037 0.281097871092684 0.0905544696201174 0.872579934091789 0.718902128907316 0.909445530379883 0.127420065908211
"Immunityfull_062-122" -1.16385314700116 -1.96564326769767 -0.362063026304657 0.312280596682986 0.140065757852886 0.696238485120026 0.687719403317014 0.859934242147114 0.303761514879974
"Immunityfull_123-183" -0.487634664062406 -0.741042236656947 -0.234227091467865 0.614077176528302 0.476616908952961 0.791182124783131 0.385922823471698 0.523383091047039 0.208817875216869
"Immunityfull_184-244" -0.177432633006185 -0.273564872574971 -0.0813003934373979 0.837417411729163 0.760662988588468 0.921916712115158 0.162582588270837 0.239337011411532 0.0780832878848424
"Immunityfull_245-305" -0.283667537352566 -0.362012770249072 -0.20532230445606 0.753016953104586 0.696273476199284 0.81438479425952 0.246983046895414 0.303726523800716 0.18561520574048
"Immunityfull_306-366" -0.198716535968601 -0.268965775425374 -0.128467296511828 0.819782239178911 0.76416940857361 0.879442322779732 0.180217760821089 0.23583059142639 0.120557677220268
"Immunityfull_367-427" -0.219653009463218 -0.280010972444908 -0.159295046481529 0.802797312709157 0.755775448705756 0.852744722518711 0.197202687290843 0.244224551294244 0.147255277481289
"Immunityfull_428-488" -0.134879732888882 -0.222184549583462 -0.0475749161943025 0.873820997295715 0.800767569375952 0.953539034941104 0.126179002704285 0.199232430624048 0.0464609650588956
"Immunityfull_489-549" -0.20139838010558 -0.33449009283317 -0.0683066673779897 0.817586656408499 0.715702935381159 0.933974010294139 0.182413343591501 0.284297064618841 0.0660259897058608
"Immunityhybridboost_001-061" -1.43696677339324 -1.69588679573088 -1.1780467510556 0.237647505289082 0.183436486185717 0.307879517016838 0.762352494710918 0.816563513814283 0.692120482983162
"Immunityhybridboost_062-122" -0.738217563483918 -0.923938745321644 -0.552496381646192 0.477965099151426 0.396952463276649 0.575511319720966 0.522034900848574 0.603047536723351 0.424488680279034
"Immunityhybridboost_123-183" -0.721232320971878 -0.854549890358889 -0.587914751584867 0.486152790389703 0.425474658234156 0.555484400844445 0.513847209610297 0.574525341765844 0.444515599155555
"Immunityhybridboost_184-244" -0.401968928723179 -0.482425627794261 -0.321512229652097 0.669001532099213 0.617284272500104 0.725051762842408 0.330998467900787 0.382715727499896 0.274948237157592
"Immunityhybridboost_245-305" -0.0899678546248625 -0.183224700421562 0.0032889911718368 0.913960564404228 0.832581053403208 1.00329440583794 0.0860394355957723 0.167418946596792 -0.00329440583793672
"Immunityhybridboost_306-366" 0.0403094846181564 -0.102698905059706 0.183317874296019 1.04113293896736 0.902398640245426 1.20119617678946 -0.041132938967362 0.0976013597545737 -0.201196176789464
"Immunityhybridboost_367-427" -0.0409447476619111 -0.212607754655364 0.130718259331542 0.959882164216515 0.808473194877181 1.13964665126708 0.0401178357834854 0.191526805122819 -0.139646651267084
"Immunityhybridboost_428-488" -0.109531972417754 -0.562890586264463 0.343826641428955 0.896253508512426 0.569560318842557 1.41033412080605 0.103746491487574 0.430439681157443 -0.410334120806053
"Immunityhybridboost_489-549" -0.291982179857327 -2.25305188858944 1.66908752887479 0.746781843613784 0.105078048217585 5.30732280824639 0.253218156386216 0.894921951782415 -4.30732280824639
"Immunityhybridfull_001-061" -3.7756352799728 -4.9075177850889 -2.6437527748567 0.0229225237951127 0.00739081116303118 0.0710939686520159 0.977077476204887 0.992609188836969 0.928906031347984
"Immunityhybridfull_062-122" -1.18515825564975 -1.53278875616384 -0.837527755135671 0.305697797266897 0.215932643373276 0.432779137947601 0.694302202733103 0.784067356626724 0.567220862052399
"Immunityhybridfull_123-183" -0.9169948983909 -1.06592608452587 -0.768063712255934 0.399718432540125 0.344408755414577 0.46391046336789 0.600281567459875 0.655591244585423 0.53608953663211
"Immunityhybridfull_184-244" -0.529172345986662 -0.602373587719021 -0.455971104254304 0.589092332599898 0.547510528292149 0.633832151886613 0.410907667400102 0.452489471707851 0.366167848113387
"Immunityhybridfull_245-305" -0.244276870118483 -0.317606671850812 -0.170947068386154 0.783270739975893 0.727889031362721 0.842866186558399 0.216729260024107 0.272110968637279 0.157133813441601
"Immunityhybridfull_306-366" -0.155422416004229 -0.242963801116268 -0.0678810308921895 0.856053490402964 0.784299904038743 0.934371628324077 0.143946509597036 0.215700095961257 0.0656283716759229
"Immunityhybridfull_367-427" -0.0640373485490619 -0.147623232215521 0.0195485351173975 0.937969967059194 0.862756112422933 1.0197408589019 0.0620300329408058 0.137243887577067 -0.0197408589018995
"Immunityhybridfull_428-488" -0.0949516111770935 -0.231981039627524 0.0420778172733371 0.909416939018769 0.792961158003066 1.0429756371132 0.090583060981231 0.207038841996934 -0.0429756371131982
"Immunityhybridfull_489-549" -0.357319167077638 -0.60721850977954 -0.107419824375735 0.699549189029787 0.544864298021272 0.898148529183181 0.300450810970213 0.455135701978728 0.101851470816819
"Immunityinf_062-122" -1.57092606118695 -2.02144215677065 -1.12040996560324 0.20785260896964 0.132464292986191 0.326146058545679 0.79214739103036 0.867535707013809 0.673853941454321
"Immunityinf_123-183" -0.425682013103871 -0.545317251354303 -0.306046774853439 0.653324057582765 0.579657856925795 0.736352175885453 0.346675942417235 0.420342143074205 0.263647824114547
"Immunityinf_184-244" -0.00893979659294415 -0.0675865146344415 0.0497069214485532 0.99110004457624 0.934646856486992 1.05096303651099 0.00889995542375999 0.0653531435130081 -0.0509630365109948
"Immunityinf_245-305" -0.174277011237634 -0.237500447378912 -0.111053575096356 0.840064158212041 0.788596538179537 0.894890803783669 0.159935841787959 0.211403461820463 0.105109196216331
"Immunityinf_306-366" -0.19657681403754 -0.282686313655124 -0.110467314419956 0.821538223203574 0.753756193804483 0.895415596889349 0.178461776796426 0.246243806195517 0.104584403110651
"Immunityinf_367-427" -0.346328015527331 -0.475939479536034 -0.216716551518627 0.707280450082904 0.621301082539434 0.805158157820729 0.292719549917096 0.378698917460566 0.194841842179271
"Immunityinf_428-488" -0.476600298622946 -0.654156677855264 -0.299043919390627 0.620890650550955 0.519880304344852 0.741526841312826 0.379109349449045 0.480119695655148 0.258473158687174
"Immunityinf_489-549" -0.394474337507985 -0.536643949784136 -0.252304725231834 0.674034260669421 0.584707270214574 0.77700792806877 0.325965739330579 0.415292729785426 0.22299207193123
"Immunitysecbnew_001-061" 0.145082398528544 -0.331830239086378 0.621995036143465 1.15613483015213 0.717609134497019 1.8626403723634 -0.156134830152133 0.282390865502981 -0.862640372363397
"Immunitysecbnew_062-122" -0.0822970944502922 -0.737350909999785 0.5727567210992 0.920998294564271 0.478379508818752 1.77314839568447 0.0790017054357295 0.521620491181248 -0.773148395684469
"Immunitysecbnew_123-183" 0.211626988089733 -0.590615305905017 1.01386928208448 1.23568687318133 0.55398630879591 2.75624509903758 -0.235686873181327 0.44601369120409 -1.75624509903758
"Immunitysecboost_001-061" -0.148861558662756 -0.491353904651936 0.193630787326424 0.861688399936152 0.611797517695913 1.21364810596303 0.138311600063848 0.388202482304087 -0.213648105963028
"Immunitysecboost_062-122" 0.672875537123384 0.262556472642733 1.08319460160404 1.95986488986372 1.30024989464294 2.9541016710294 -0.959864889863716 -0.300249894642941 -1.9541016710294
"Immunitysecboost_123-183" 0.543220993867056 0.0173272371672909 1.06911475056682 1.72154302094411 1.01747822454526 2.91279980393284 -0.721543020944109 -0.0174782245452607 -1.91279980393284
"Immunitysecboost_184-244" 0.651760512599237 -0.150334347245151 1.45385537244362 1.91891613303857 0.860420249187345 4.27958213339764 -0.918916133038572 0.139579750812655 -3.27958213339764
"AgeGr0-11" -1.47398833909123 -1.54125893676545 -1.40671774141702 0.229010290652306 0.214111378993941 0.244945941084887 0.770989709347694 0.785888621006058 0.755054058915113
"AgeGr12-15" -1.25001167712629 -1.32999288861146 -1.17003046564111 0.286501451327029 0.264479142107077 0.310357485881671 0.713498548672971 0.735520857892923 0.689642514118329
"AgeGr16-17" -1.18009178111237 -1.28193120708979 -1.07825235513495 0.307250537510878 0.277500870992242 0.340189536930723 0.692749462489122 0.722499129007758 0.659810463069277
"AgeGr18-24" -0.362404281806045 -0.424567924866778 -0.300240638745312 0.696000930442426 0.654052323831432 0.740639972562151 0.303999069557574 0.345947676168568 0.259360027437849
"AgeGr25-29" -0.124491439465215 -0.185665708173816 -0.0633171707566148 0.88294581982244 0.830551195055364 0.938645715499756 0.11705418017756 0.169448804944636 0.061354284500244
"AgeGr30-34" -0.0456279062715017 -0.105251857294151 0.0139960447511474 0.955397393438067 0.900097797840488 1.01409444793466 0.0446026065619334 0.0999022021595115 -0.0140944479346585
"AgeGr35-39" -0.0231911002680164 -0.0823266134999626 0.0359444129639299 0.977075746494046 0.92097110797113 1.03659822346655 0.022924253505954 0.07902889202887 -0.0365982234665538
"SexM" -0.135468933991558 -0.159691493249655 -0.111246374733461 0.873306292647731 0.852406721633538 0.894718285792688 0.126693707352269 0.147593278366462 0.105281714207312
