"beta" "beta_CI_lower" "beta_CI_upper" "HR" "HR_CI_lower" "HR_CI_upper" "eff" "eff_CI_upper" "eff_CI_lower"
"Immunity_other" -0.377441818817665 -0.495743414530074 -0.259140223105255 0.685613090204111 0.609117911829284 0.771714803210343 0.314386909795889 0.390882088170716 0.228285196789657
"Immunityboost_001-061" -0.857184541461256 -1.38247420340343 -0.331894879519086 0.424355156352817 0.25095686595487 0.717562749431241 0.575644843647183 0.74904313404513 0.282437250568759
"Immunityboost_062-122" -1.09383468075034 -1.68613798662723 -0.501531374873465 0.334929679627816 0.185233518703303 0.605602544727725 0.665070320372184 0.814766481296697 0.394397455272275
"Immunityboost_123-183" -0.455654614251899 -0.724967297018129 -0.186341931485668 0.634032785173428 0.484340408071952 0.829989746829165 0.365967214826572 0.515659591928048 0.170010253170835
"Immunityboost_184-244" -0.547325202335763 -0.639154273549106 -0.455496131122421 0.578495100133065 0.527738557820394 0.634133276636304 0.421504899866935 0.472261442179606 0.365866723363696
"Immunityboost_245-305" -0.442700911403197 -0.501688233075846 -0.383713589730548 0.642299282753749 0.605507558451085 0.681326538154697 0.357700717246251 0.394492441548915 0.318673461845303
"Immunityboost_306-366" -0.409744604128835 -0.473295429496789 -0.346193778760882 0.663819765315919 0.622946007364574 0.707375399496204 0.336180234684081 0.377053992635426 0.292624600503796
"Immunityboost_367-427" -0.384025936761529 -0.483400931842711 -0.284650941680347 0.681113761065253 0.616682526140619 0.752276796970033 0.318886238934747 0.383317473859381 0.247723203029967
"Immunityboost_428-488" -0.218195677333819 -0.595311479941661 0.158920125274023 0.803968107937903 0.551390791945446 1.17224431024812 0.196031892062097 0.448609208054554 -0.172244310248116
"Immunityfull_062-122" -1.04302076602554 -3.00337990853432 0.917338376483242 0.352388589083198 0.0496190766887686 2.50262048395098 0.647611410916802 0.950380923311231 -1.50262048395098
"Immunityfull_123-183" 0.355939574538898 -0.108675677753986 0.820554826831783 1.42752128702568 0.897021294287664 2.27175992129564 -0.427521287025683 0.102978705712336 -1.27175992129564
"Immunityfull_184-244" -0.0467504476171022 -0.276168447889291 0.182667552655087 0.954325522084964 0.758685121089625 1.20041526686953 0.0456744779150358 0.241314878910375 -0.200415266869525
"Immunityfull_245-305" -0.0219483613134744 -0.188982795383198 0.145086072756249 0.978290751396342 0.827800748566888 1.15613907806256 0.0217092486036577 0.172199251433112 -0.156139078062562
"Immunityfull_306-366" -0.135845402846356 -0.308669682924674 0.0369788772319612 0.87297758190641 0.73442332252839 1.03767110212068 0.12702241809359 0.26557667747161 -0.0376711021206753
"Immunityfull_367-427" -0.0585643667029246 -0.186695316730679 0.0695665833248298 0.943117533079848 0.829696492518051 1.07204343904499 0.0568824669201522 0.170303507481949 -0.0720434390449911
"Immunityfull_428-488" 0.00144378778686467 -0.112855054454071 0.1157426300278 1.00144483055023 0.893280127708692 1.1227068839069 -0.00144483055023414 0.106719872291308 -0.122706883906905
"Immunityfull_489-549" -0.0701449099805646 -0.20744520213868 0.0671553821775509 0.932258716524778 0.812657772460909 1.06946164054345 0.0677412834752223 0.187342227539091 -0.0694616405434454
"Immunityhybridboost_001-061" -2.04733579028279 -2.37211028760424 -1.72256129296134 0.129078337655936 0.09328366306332 0.178608093902899 0.870921662344064 0.90671633693668 0.821391906097101
"Immunityhybridboost_062-122" -2.11816567494852 -2.44321849485112 -1.79311285504591 0.120252007596251 0.0868807756633581 0.166441254932619 0.879747992403749 0.913119224336642 0.833558745067381
"Immunityhybridboost_123-183" -2.43393426105535 -2.83615718384876 -2.03171133826194 0.0876911531429659 0.0586506170032331 0.131110953856107 0.912308846857034 0.941349382996767 0.868889046143893
"Immunityhybridboost_184-244" -1.83054247405696 -2.05649568118785 -1.60458926692606 0.160326571175104 0.127901392737477 0.200972083842163 0.839673428824896 0.872098607262523 0.799027916157837
"Immunityhybridboost_245-305" -1.7268617633641 -1.92506592381964 -1.52865760290856 0.177841644309501 0.14586614048612 0.216826539355216 0.822158355690499 0.85413385951388 0.783173460644784
"Immunityhybridboost_306-366" -1.80030770470492 -2.08362059037808 -1.51699481903175 0.16524803280059 0.124478708921791 0.219370144348313 0.83475196719941 0.875521291078209 0.780629855651687
"Immunityhybridboost_367-427" -1.31759333372358 -1.75986981359841 -0.875316853848756 0.267778981738849 0.172067263182799 0.416729956266678 0.732221018261151 0.827932736817201 0.583270043733322
"Immunityhybridboost_428-488" 0.302443330163009 -0.833353267812355 1.43823992813837 1.35316099083554 0.434589545104558 4.21327362276625 -0.35316099083554 0.565410454895442 -3.21327362276625
"Immunityhybridfull_062-122" -1.48196117262311 -2.28314663525758 -0.68077570998863 0.227191689065144 0.101962861467681 0.506224156887102 0.772808310934856 0.898037138532319 0.493775843112898
"Immunityhybridfull_123-183" -1.85332217593876 -2.54787246237837 -1.15877188949914 0.156715663524677 0.0782479645235834 0.313871413058643 0.843284336475323 0.921752035476417 0.686128586941356
"Immunityhybridfull_184-244" -1.9543335226804 -2.39513830698407 -1.51352873837673 0.141658857655004 0.0911600699763195 0.220131818210905 0.858341142344996 0.90883993002368 0.779868181789095
"Immunityhybridfull_245-305" -1.7841909357286 -2.1230682975009 -1.4453135739563 0.16793287454062 0.119663900204086 0.235672164315037 0.83206712545938 0.880336099795914 0.764327835684963
"Immunityhybridfull_306-366" -1.63691855981752 -1.99150007463799 -1.28233704499706 0.194578702081269 0.136490525825467 0.277388273469212 0.805421297918731 0.863509474174533 0.722611726530788
"Immunityhybridfull_367-427" -1.09520183970697 -1.43409382831145 -0.756309851102487 0.334472090386362 0.238331235209576 0.4693953738336 0.665527909613638 0.761668764790424 0.530604626166399
"Immunityhybridfull_428-488" -1.33129613344907 -1.83915200144952 -0.823440265448614 0.264134685534849 0.158952160173123 0.438919056064458 0.735865314465151 0.841047839826877 0.561080943935542
"Immunityhybridfull_489-549" -1.31499236530847 -2.00938671036936 -0.620598020247583 0.268476372965702 0.134070873736944 0.537622832101801 0.731523627034298 0.865929126263056 0.462377167898199
"Immunityinf_062-122" -0.9441795818125 -1.53644370882932 -0.351915454795684 0.388998581534 0.215144860314688 0.703339583451501 0.611001418466 0.784855139685312 0.296660416548499
"Immunityinf_123-183" -1.33774779411324 -1.84576016826854 -0.829735419957934 0.262436063532458 0.157905240701438 0.436164671523691 0.737563936467542 0.842094759298562 0.563835328476309
"Immunityinf_184-244" -1.12806136314539 -1.4143705592617 -0.84175216702907 0.3236601080209 0.243078568859357 0.430954756791872 0.6763398919791 0.756921431140643 0.569045243208128
"Immunityinf_245-305" -1.38020813415853 -1.66928273206463 -1.09113353625244 0.251526196418102 0.188382137658481 0.335835596043888 0.748473803581898 0.811617862341519 0.664164403956112
"Immunityinf_306-366" -1.5028822626261 -1.86965536151946 -1.13610916373275 0.222487966357241 0.154176787913878 0.321065809215274 0.777512033642759 0.845823212086122 0.678934190784725
"Immunityinf_367-427" -0.903904595170696 -1.35697036341663 -0.450838826924764 0.40498526503354 0.257439544929233 0.637093516224838 0.59501473496646 0.742560455070767 0.362906483775162
"Immunityinf_428-488" -0.935858936203731 -1.91697804739076 0.0452601749832972 0.392248804096398 0.147050671518795 1.04630004559612 0.607751195903602 0.852949328481205 -0.0463000455961151
"Immunityinf_489-549" -1.22101478218743 -1.78860311795377 -0.653426446421087 0.294930724569509 0.167193556299333 0.520260075928793 0.705069275430491 0.832806443700667 0.479739924071207
"Immunitysecboost_001-061" -1.36492460093478 -1.48570218494066 -1.24414701692891 0.255399932178262 0.226343349970794 0.28818662163071 0.744600067821738 0.773656650029206 0.71181337836929
"Immunitysecboost_062-122" -0.9750320339497 -1.12285958624377 -0.827204481655633 0.377180270795806 0.325348102173061 0.437269975535074 0.622819729204194 0.674651897826939 0.562730024464926
"Immunitysecboost_123-183" -0.596393434386241 -0.857739668458109 -0.335047200314374 0.550794534847074 0.424119650723086 0.715304322966828 0.449205465152926 0.575880349276914 0.284695677033172
"AgeGr0-11" 0.53379024733844 0.321660678650592 0.745919816026289 1.70538390112152 1.37941663102332 2.10837986493386 -0.705383901121523 -0.379416631023318 -1.10837986493386
"AgeGr12-15" -1.01220466672992 -1.45466954581139 -0.569739787648459 0.363416882607986 0.233477504774086 0.565672614551454 0.636583117392014 0.766522495225914 0.434327385448546
"AgeGr16-17" -0.741696604528884 -1.3170371828015 -0.166356026256263 0.476305128181305 0.267927948686669 0.846744717166933 0.523694871818695 0.732072051313331 0.153255282833067
"AgeGr18-24" -0.774696975994987 -1.127907105106 -0.421486846883973 0.460843406457673 0.323710039045622 0.656070617709762 0.539156593542327 0.676289960954378 0.343929382290238
"AgeGr25-29" -0.401846041611688 -0.728138718349887 -0.0755533648734892 0.669083748816659 0.482806793724003 0.927230247688824 0.330916251183341 0.517193206275997 0.0727697523111757
"AgeGr30-34" -0.10364777135326 -0.38641309429919 0.179117551592669 0.901542790699954 0.679489774343786 1.19616134657508 0.0984572093000455 0.320510225656214 -0.196161346575082
"AgeGr35-39" -0.255060012264078 -0.549132067433479 0.0390120429053234 0.774869994862959 0.577450781283196 1.03978300558305 0.225130005137041 0.422549218716804 -0.0397830055830506
"AgeGr45-49" 0.25069076610284 0.00363990062500055 0.49774163158068 1.2849126843327 1.00364653310803 1.64500205191398 -0.284912684332701 -0.00364653310803198 -0.645002051913983
"AgeGr50-54" 0.617746657196496 0.376909855514318 0.858583458878673 1.85474395558176 1.45777289326039 2.35981554923357 -0.854743955581762 -0.457772893260392 -1.35981554923357
"AgeGr55-59" 1.04140960709396 0.816575296987337 1.26624391720058 2.83320791086253 2.26273734959339 3.54750279241048 -1.83320791086253 -1.26273734959339 -2.54750279241048
"AgeGr60-64" 1.65426173487217 1.44338339941521 1.86514007032912 5.22921794751639 4.23500030200293 6.4568402343903 -4.22921794751639 -3.23500030200293 -5.4568402343903
"AgeGr65-69" 2.27830824307976 2.07873321735943 2.4778832688001 9.76015462553532 7.99433541185637 11.9160147037461 -8.76015462553532 -6.99433541185637 -10.9160147037461
"AgeGr70-74" 2.92949207880529 2.73439535966939 3.12458879794118 18.7181207515219 15.4004288998195 22.7505381017448 -17.7181207515219 -14.4004288998195 -21.7505381017448
"AgeGr75-79" 3.58777533887685 3.39408429658928 3.78146638116442 36.1535569833189 29.7873645912304 43.8803398851506 -35.1535569833189 -28.7873645912304 -42.8803398851506
"AgeGr80+" 4.29628936740499 4.10497632466112 4.48760241014886 73.4268275945128 60.6413088270737 88.9080251544182 -72.4268275945128 -59.6413088270737 -87.9080251544182
"SexM" 0.403806137624115 0.365892869994183 0.441719405254047 1.49751360727025 1.44180077425523 1.55537924795328 -0.497513607270252 -0.441800774255231 -0.555379247953282
