"beta" "beta_CI_lower" "beta_CI_upper" "HR" "HR_CI_lower" "HR_CI_upper" "eff" "eff_CI_upper" "eff_CI_lower"
"Immunity_other" -0.298326647892999 -0.404533648201027 -0.19211964758497 0.742058908176212 0.66728792923376 0.825208128425131 0.257941091823788 0.33271207076624 0.174791871574869
"Immunityboost_001-061" -0.623944894900846 -1.16896812428809 -0.0789216655136009 0.535826483625443 0.310687366665119 0.924112311473144 0.464173516374557 0.689312633334881 0.0758876885268562
"Immunityboost_062-122" -0.991150217650056 -1.58337504067851 -0.398925394621604 0.37114954265757 0.205281095671848 0.671040762736022 0.62885045734243 0.794718904328152 0.328959237263978
"Immunityboost_123-183" -0.382831073140452 -0.649491111610555 -0.116171034670348 0.681928085526618 0.522311507403453 0.890322934184933 0.318071914473382 0.477688492596547 0.109677065815067
"Immunityboost_184-244" -0.458864014645738 -0.550692192581186 -0.367035836710291 0.632001181960895 0.576550588187285 0.692784817470728 0.367998818039105 0.423449411812715 0.307215182529272
"Immunityboost_245-305" -0.356231730588314 -0.41503621916317 -0.297427242013457 0.700310318108777 0.660316364165729 0.742726620548398 0.299689681891223 0.339683635834271 0.257273379451602
"Immunityboost_306-366" -0.312593267696056 -0.375228742507608 -0.249957792884504 0.731547396024544 0.687132084497083 0.778833654699707 0.268452603975456 0.312867915502917 0.221166345300293
"Immunityboost_367-427" -0.277848336061777 -0.364128152703023 -0.191568519420531 0.757411684842782 0.694802148263893 0.825663049214545 0.242588315157218 0.305197851736107 0.174336950785455
"Immunityboost_428-488" -0.193880627406591 -0.335214227195885 -0.0525470276172977 0.823756232317411 0.715184857893649 0.948809699747145 0.176243767682589 0.284815142106351 0.0511903002528554
"Immunityboost45_062-122" -1.19496935948383 -3.15590818401188 0.765969465044216 0.302713229329642 0.0425996950572954 2.15107875978767 0.697286770670358 0.957400304942705 -1.15107875978767
"Immunityfull_062-122" -1.02620100630161 -2.98652914219812 0.934127129594906 0.358365807253348 0.0504622805191301 2.54499104057848 0.641634192746652 0.94953771948087 -1.54499104057848
"Immunityfull_123-183" 0.413436105235729 -0.0510925681442349 0.877964778615692 1.51200427515337 0.950190709070667 2.40599798151892 -0.512004275153366 0.0498092909293328 -1.40599798151892
"Immunityfull_184-244" 0.0381299882566287 -0.191216186453133 0.26747616296639 1.03886626451664 0.82595400878106 1.30666248250735 -0.0388662645166389 0.17404599121894 -0.306662482507348
"Immunityfull_245-305" 0.0684832244113297 -0.0984305188346208 0.23539696765728 1.07088266011327 0.906258658334496 1.26541099628094 -0.0708826601132742 0.0937413416655043 -0.26541099628094
"Immunityfull_306-366" -0.0593009503872415 -0.231229151162375 0.112627250387892 0.942423103876596 0.793557600552117 1.11921466835231 0.0575768961234042 0.206442399447883 -0.119214668352315
"Immunityfull_367-427" 0.0134843405966754 -0.111374038785459 0.138342719978809 1.0135756643358 0.894604069721726 1.14836905185702 -0.0135756643358047 0.105395930278274 -0.148369051857018
"Immunityfull_428-488" 0.0994261808066413 -0.0126208822155869 0.21147324382887 1.10453693170508 0.987458427116498 1.23549690801975 -0.104536931705084 0.0125415728835022 -0.235496908019752
"Immunityfull_489-549" 0.0147789823410591 -0.117479073738627 0.147037038420746 1.01488873149432 0.889159118327876 1.15839686742586 -0.0148887314943211 0.110840881672124 -0.158396867425861
"Immunityhybridboost_001-061" -1.94598741729559 -2.26636056352493 -1.62561427106624 0.142846104963548 0.103688863241046 0.196790755202142 0.857153895036452 0.896311136758954 0.803209244797858
"Immunityhybridboost_062-122" -2.09492390473925 -2.40373973330439 -1.7861080761741 0.123079609072577 0.0903793259208726 0.167611232050137 0.876920390927423 0.909620674079127 0.832388767949863
"Immunityhybridboost_123-183" -2.01557871903441 -2.32425380004535 -1.70690363802346 0.13324327063209 0.0978564372832527 0.181426686497352 0.86675672936791 0.902143562716747 0.818573313502648
"Immunityhybridboost_184-244" -1.65968007311571 -1.872617004464 -1.44674314176742 0.190199820404712 0.153720846818373 0.235335495677616 0.809800179595288 0.846279153181627 0.764664504322384
"Immunityhybridboost_245-305" -1.63497593840135 -1.83208389919823 -1.43786797760447 0.194957062221332 0.160079630136936 0.237433432832516 0.805042937778668 0.839920369863064 0.762566567167484
"Immunityhybridboost_306-366" -1.64644400716554 -1.90705792943542 -1.38583008489566 0.192734052403942 0.148516691046585 0.250116096004279 0.807265947596058 0.851483308953415 0.749883903995721
"Immunityhybridboost_367-427" -1.03455123567636 -1.33501749157127 -0.734084979781439 0.355385829626296 0.263153572446304 0.479944416961856 0.644614170373704 0.736846427553696 0.520055583038144
"Immunityhybridboost_428-488" -0.424188040704557 -0.905929445263522 0.0575533638544092 0.654300835150288 0.404166060245386 1.05924179437146 0.345699164849712 0.595833939754614 -0.059241794371456
"Immunityhybridfull_062-122" -1.31711534630495 -2.05893593430282 -0.575294758307084 0.267907007317964 0.127589661471729 0.562539031314628 0.732092992682036 0.872410338528271 0.437460968685372
"Immunityhybridfull_123-183" -1.84048495220536 -2.53488394074804 -1.14608596366268 0.158740425918096 0.0792709188544172 0.317878525754647 0.841259574081904 0.920729081145583 0.682121474245353
"Immunityhybridfull_184-244" -1.93014324498427 -2.38216341188319 -1.47812307808535 0.145127408221301 0.0923505689196513 0.228065347765825 0.854872591778699 0.907649431080349 0.771934652234175
"Immunityhybridfull_245-305" -1.66834954277847 -2.00233351004001 -1.33436557551694 0.188558015902129 0.13501984517649 0.263325182416506 0.811441984097871 0.86498015482351 0.736674817583494
"Immunityhybridfull_306-366" -1.52530938418749 -1.86394132518492 -1.18667744319007 0.217553738765488 0.155060281435149 0.305233737568294 0.782446261234512 0.844939718564851 0.694766262431706
"Immunityhybridfull_367-427" -0.924980746029556 -1.22021592655547 -0.62974556550364 0.396539053952716 0.29516642577295 0.532727327974188 0.603460946047284 0.70483357422705 0.467272672025812
"Immunityhybridfull_428-488" -1.00321148675333 -1.3974600566481 -0.608962916858553 0.366699896279481 0.247224102371656 0.543914661399934 0.633300103720519 0.752775897628344 0.456085338600066
"Immunityhybridfull_489-549" -0.953931534320937 -1.49924629336158 -0.408616775280289 0.385223522854982 0.223298398224477 0.664568862744918 0.614776477145018 0.776701601775523 0.335431137255082
"Immunityinf_062-122" -0.939411255589649 -1.53156230131991 -0.347260209859389 0.39085788302611 0.216197637478138 0.706621434469194 0.60914211697389 0.783802362521862 0.293378565530806
"Immunityinf_123-183" -1.47696451549674 -2.02220885385315 -0.931720177140338 0.228329728866959 0.132362771922149 0.393875591507882 0.771670271133041 0.867637228077851 0.606124408492118
"Immunityinf_184-244" -1.05042885414426 -1.3337450661176 -0.767112642170912 0.349787709032172 0.263488628872065 0.464351884609723 0.650212290967828 0.736511371127935 0.535648115390277
"Immunityinf_245-305" -1.31844913959541 -1.60741723401003 -1.02948104518079 0.267549912947113 0.200404544274106 0.357192279133647 0.732450087052887 0.799595455725894 0.642807720866353
"Immunityinf_306-366" -1.29928587044833 -1.62438276753014 -0.974188973366519 0.272726485550754 0.197033253000847 0.377498390693199 0.727273514449246 0.802966746999153 0.622501609306801
"Immunityinf_367-427" -1.04741156586259 -1.45944321038168 -0.635379921343508 0.350844713228977 0.232365617481535 0.529734192755536 0.649155286771024 0.767634382518465 0.470265807244464
"Immunityinf_428-488" -0.698356386382429 -1.24515538155539 -0.151557391209464 0.497402169280733 0.287896170900364 0.859368560656556 0.502597830719267 0.712103829099636 0.140631439343444
"Immunityinf_489-549" -1.0847517316214 -1.63015140080411 -0.539352062438689 0.337985686637743 0.195899912477293 0.583125959207499 0.662014313362257 0.804100087522707 0.416874040792501
"Immunitysecboost_001-061" -1.19462001167922 -1.33279080149742 -1.05644922186102 0.302819000006036 0.263740186755721 0.347688184696663 0.697180999993964 0.736259813244279 0.652311815303337
"Immunitysecboost_062-122" -0.805688216450338 -0.952366641445225 -0.659009791455451 0.446780339149049 0.385826828332557 0.517363378572748 0.553219660850951 0.614173171667443 0.482636621427252
"Immunitysecboost_123-183" -0.46619176367113 -0.644825673242196 -0.287557854100063 0.627386962483912 0.524754012799163 0.750093169550352 0.372613037516088 0.475245987200837 0.249906830449648
"Immunitysecboost_184-244" -0.138400373538684 -0.506265765143483 0.229465018066115 0.870749996688836 0.602742162358519 1.25792686173929 0.129250003311164 0.397257837641481 -0.257926861739294
"Immunitysecboost45_001-061" -1.46625148787956 -1.68920491047519 -1.24329806528393 0.230788981056003 0.184666291872709 0.288431382017369 0.769211018943997 0.815333708127291 0.711568617982631
"Immunitysecboost45_062-122" -1.23897942259052 -1.50585126038683 -0.972107584794212 0.289679707693976 0.221828379723476 0.378284929792446 0.710320292306024 0.778171620276524 0.621715070207554
"Immunitysecboost45_123-183" -0.442616132966489 -0.994441202093987 0.109208936161009 0.64235373819113 0.369930102965443 1.11539537242435 0.35764626180887 0.630069897034557 -0.115395372424351
"AgeGr0-11" 0.650831689372267 0.446305646948457 0.855357731796077 1.91713462664393 1.56252897576873 2.35221569242834 -0.917134626643935 -0.562528975768725 -1.35221569242834
"AgeGr12-15" -0.940138928213362 -1.35945145320082 -0.520826403225908 0.390573569900854 0.256801606023366 0.594029437227184 0.609426430099146 0.743198393976634 0.405970562772816
"AgeGr16-17" -0.725036937180779 -1.27979176020803 -0.170282114153531 0.484306679701595 0.278095204911598 0.843426840380594 0.515693320298406 0.721904795088402 0.156573159619406
"AgeGr18-24" -0.646778189809693 -0.974105900863128 -0.319450478756258 0.523730421509975 0.377529751732142 0.72654818105469 0.476269578490025 0.622470248267858 0.27345181894531
"AgeGr25-29" -0.368451077651333 -0.68197803663693 -0.0549241186657358 0.691805053498285 0.505615875842796 0.946556971234361 0.308194946501715 0.494384124157204 0.0534430287656394
"AgeGr30-34" -0.135246848196621 -0.412390390918534 0.141896694525293 0.873500263108202 0.662065761133848 1.15245758720914 0.126499736891798 0.337934238866152 -0.152457587209141
"AgeGr35-39" -0.198654128285877 -0.479477529349052 0.0821692727772974 0.819833401485241 0.619106772438742 1.08563956350092 0.180166598514759 0.380893227561258 -0.0856395635009208
"AgeGr45-49" 0.249865087550756 0.0105220535949912 0.489208121506521 1.28385219735887 1.01057760506848 1.6310241355007 -0.283852197358869 -0.0105776050684847 -0.631024135500704
"AgeGr50-54" 0.690083484062041 0.459987852052726 0.920179116071356 1.99388198366223 1.58405474186412 2.50973988442748 -0.993881983662234 -0.584054741864117 -1.50973988442748
"AgeGr55-59" 1.06765915406485 0.850649488282533 1.28466881984716 2.90856302699419 2.34116691872093 3.61347104913796 -1.90856302699419 -1.34116691872093 -2.61347104913796
"AgeGr60-64" 1.66768505766766 1.46358754203619 1.87178257329913 5.29988465793588 4.32143508216108 6.49987257783297 -4.29988465793588 -3.32143508216108 -5.49987257783297
"AgeGr65-69" 2.29891885237133 2.10569925832204 2.49213844642063 9.96340471831774 8.21284390162442 12.087096110686 -8.96340471831774 -7.21284390162442 -11.087096110686
"AgeGr70-74" 2.94654232113017 2.75758496815181 3.13549967410854 19.0400055552436 15.7617318626099 23.0001255384686 -18.0400055552436 -14.7617318626099 -22.0001255384686
"AgeGr75-79" 3.60654713548657 3.41896604141632 3.79412822955682 36.8386341491444 30.5378238467884 44.4394784901227 -35.8386341491444 -29.5378238467884 -43.4394784901227
"AgeGr80+" 4.33751059799195 4.15221570145128 4.52280549453262 76.5168209217309 63.5747069290228 92.093603994192 -75.5168209217309 -62.5747069290228 -91.093603994192
"SexM" 0.40706794704338 0.370981352747455 0.443154541339305 1.50240618625219 1.44915605035584 1.55761303134647 -0.502406186252186 -0.449156050355844 -0.557613031346465
