"beta" "lower" "upper" "HR" "lower" "upper" "eff" "upper" "lower"
"Immunity_other" 0.12102600558736 -0.331188972547792 0.573240983722512 1.12865426330274 0.718069460802909 1.77400727312242 -0.128654263302742 0.281930539197091 -0.77400727312242
"Immunityboost_001-061" -0.785343379083083 -0.973498446493971 -0.597188311672195 0.45596310670794 0.377759153497816 0.55035689474023 0.54403689329206 0.622240846502184 0.44964310525977
"Immunityboost_062-122" -0.497214622709078 -0.730010833615781 -0.264418411802375 0.608222431455966 0.481903769301643 0.767652277678391 0.391777568544034 0.518096230698357 0.232347722321609
"Immunityboost_123-183" 0.0353553326519932 -0.189517028533144 0.26022769383713 1.03598776368429 0.827358628073681 1.29722542327558 -0.035987763684294 0.172641371926319 -0.297225423275582
"Immunityboost_184-244" 0.62648326455287 0.4717350288064 0.781231500299341 1.87101911659284 1.60277263887729 2.1841604041282 -0.871019116592837 -0.602772638877291 -1.1841604041282
"Immunityboost_245-305" 0.869120168611775 0.674656941875857 1.06358339534769 2.38481169802131 1.96335931406056 2.89673255134179 -1.38481169802131 -0.963359314060559 -1.89673255134179
"Immunityfull_001-061" -1.13523239778495 -1.94712552456708 -0.323339271002814 0.321347432224488 0.142683623251132 0.723728272694059 0.678652567775512 0.857316376748868 0.276271727305941
"Immunityfull_062-122" -0.575185402060515 -1.46150987586754 0.311139071746509 0.562600551835407 0.231885891367234 1.36497903800554 0.437399448164593 0.768114108632766 -0.36497903800554
"Immunityfull_123-183" -0.133949950550053 -0.450069941954493 0.182170040854388 0.874633838450416 0.637583556222172 1.19981819464607 0.125366161549584 0.362416443777828 -0.199818194646072
"Immunityfull_184-244" 0.255476376776731 0.0268099908705937 0.484142762682869 1.29107651326894 1.0271726120463 1.62278330201384 -0.291076513268937 -0.0271726120463027 -0.622783302013836
"Immunityfull_245-305" 0.390989273531007 0.0352275102111423 0.746751036850871 1.4784426548588 1.03585534966257 2.11013312275498 -0.478442654858799 -0.0358553496625702 -1.11013312275498
"Immunityfull_306-366" 0.329504562765645 -0.0108189172028396 0.66982804273413 1.39027916174511 0.989239396794316 1.95390130422048 -0.390279161745114 0.0107606032056838 -0.953901304220483
"Immunityfull_367-427" 0.558788586546139 0.245276480459585 0.872300692632693 1.74855299613307 1.27797459936885 2.39240872376956 -0.748552996133069 -0.277974599368847 -1.39240872376956
"Immunityfull_428-488" 0.735577469896505 0.238713045175438 1.23244189461757 2.08668664336673 1.26961416239764 3.42959402672556 -1.08668664336673 -0.26961416239764 -2.42959402672556
"Immunityfull_489-549" 1.08451542727754 -0.0573980674009789 2.22642892195606 2.95800610232755 0.944218132089502 9.26671476012033 -1.95800610232755 0.0557818679104979 -8.26671476012033
"Immunityhybridboost_001-061" -1.64613787581829 -2.20465897153689 -1.08761678009969 0.192793063371158 0.110288130283507 0.337018727114952 0.807206936628842 0.889711869716493 0.662981272885048
"Immunityhybridboost_062-122" -0.828248571827985 -1.33174823339194 -0.324748910264027 0.436813664507336 0.264015297248359 0.722708795622688 0.563186335492664 0.735984702751641 0.277291204377312
"Immunityhybridboost_123-183" -0.806949631354784 -1.23896537976551 -0.374933882944055 0.446217119072014 0.289683775643981 0.687334721836932 0.553782880927986 0.710316224356019 0.312665278163068
"Immunityhybridboost_184-244" 0.115349918550235 -0.176051124622498 0.406750961722969 1.12226607058954 0.838575110405196 1.50193002101853 -0.122266070589543 0.161424889594804 -0.50193002101853
"Immunityhybridboost_245-305" 0.742834118568111 0.2158318797934 1.26983635734282 2.1018840697273 1.24089374215083 3.56026990265569 -1.1018840697273 -0.240893742150829 -2.56026990265569
"Immunityhybridfull_001-061" -3.02630519534665 -4.99089534518867 -1.06171504550463 0.0484944851696279 0.00679957380031446 0.345862132088117 0.951505514830372 0.993200426199686 0.654137867911883
"Immunityhybridfull_062-122" -1.48087539051488 -2.46829453386149 -0.493456247168264 0.227438503705482 0.0847292386967677 0.610512660840912 0.772561496294518 0.915270761303232 0.389487339159088
"Immunityhybridfull_123-183" -1.10460222657698 -1.80657743595394 -0.402627017200019 0.331342655334531 0.16421521317953 0.668561414733917 0.668657344665469 0.83578478682047 0.331438585266083
"Immunityhybridfull_184-244" -0.206866781870013 -0.671576963168801 0.257843399428774 0.813127966159664 0.510902268133621 1.29413614029607 0.186872033840336 0.489097731866379 -0.294136140296067
"Immunityhybridfull_245-305" 0.212873420843161 -0.419340541607794 0.845087383294116 1.23722803405021 0.657480257755892 2.32818124982859 -0.237228034050206 0.342519742244108 -1.32818124982859
"Immunityhybridfull_306-366" 0.377170205738897 -0.375557193510192 1.12989760498799 1.45815247417038 0.686906432334891 3.09533953656821 -0.45815247417038 0.313093567665109 -2.09533953656821
"Immunityhybridfull_367-427" 0.553759447997577 -0.334033417665422 1.44155231366058 1.73978135624003 0.716029853781308 4.22725274866104 -0.73978135624003 0.283970146218692 -3.22725274866104
"Immunityhybridfull_428-488" 0.974938701386339 -0.418231655169633 2.36810905794231 2.65100470308879 0.658209733074971 10.6771832482131 -1.65100470308879 0.341790266925029 -9.67718324821311
"Immunityhybridfull_489-549" 1.83524149529598 -0.130210295171602 3.80069328576357 6.26664732856649 0.877910791106345 44.7321859333114 -5.26664732856649 0.122089208893655 -43.7321859333114
"Immunityinf_062-122" -0.630915896777636 -1.61734972956024 0.355517936004968 0.532104225211194 0.198423879783903 1.42691951591693 0.467895774788806 0.801576120216097 -0.426919515916925
"Immunityinf_123-183" -0.792769050731433 -1.78248715216695 0.196949050704079 0.452589814374817 0.168219239694571 1.21768199908492 0.547410185625183 0.831780760305429 -0.217681999084925
"Immunityinf_184-244" 0.138689236870675 -0.529033853593351 0.806412327334701 1.14876705008415 0.58917392305662 2.23985767820927 -0.148767050084154 0.41082607694338 -1.23985767820927
"Immunityinf_245-305" -0.157285801292884 -1.14375526841866 0.829183665832893 0.854459818196447 0.318620267774327 2.29144738974804 0.145540181803553 0.681379732225672 -1.29144738974804
"Immunityinf_306-366" -0.995606184548426 -2.38820874068613 0.396996371589276 0.369499391820296 0.0917939634919466 1.48735053332289 0.630500608179704 0.908206036508053 -0.48735053332289
"Immunityinf_367-427" 0.761332106160189 0.0565693675826739 1.4660948447377 2.1411265294579 1.0582000170315 4.33228382287201 -1.1411265294579 -0.058200017031496 -3.33228382287201
"Immunityinf_428-488" 0.581430801157852 -0.0199717468515204 1.18283334916722 1.78859572565874 0.980226367396633 3.26360805651566 -0.788595725658743 0.0197736326033674 -2.26360805651566
"Immunityinf_489-549" -0.446990779931493 -1.58670402008504 0.692722460222059 0.639549804940632 0.204598855343861 1.99915073968606 0.360450195059368 0.795401144656139 -0.999150739686056
"Immunitysecboost_001-061" 0.630438347569315 -1.33816030664283 2.59903700178146 1.87843380571436 0.262327827693889 13.4507787201591 -0.878433805714358 0.737672172306111 -12.4507787201591
"AgeGr70-74" -0.136014485062259 -0.240719479704518 -0.03130949042 0.872829989400414 0.786062101836055 0.969175576099225 0.127170010599586 0.213937898163945 0.0308244239007753
"AgeGr75-79" -0.182075622139853 -0.298907240793075 -0.0652440034866317 0.83353830408209 0.741628199088105 0.936838843542283 0.16646169591791 0.258371800911895 0.063161156457717
"AgeGr80+" -0.190358527717494 -0.306122048648712 -0.0745950067862751 0.8266626993158 0.736296749948603 0.928119292238878 0.1733373006842 0.263703250051397 0.0718807077611215
"SexM" 0.129962293569776 0.0507213810932113 0.20920320604634 1.13878544298122 1.05202973707042 1.23269546425295 -0.138785442981217 -0.0520297370704168 -0.23269546425295
